x,y,z
[0.73639859 2.31863286],[0.59650476 1.57721485],[0.89586912 2.48396501]
[0.73639859 2.31863286],[0.59650476 1.57721485],[0.89586912 2.48396501]
[0.73670198 2.31949033],[0.59717766 1.57763381],[0.89614052 2.48415588]
[0.73700464 2.32034852],[0.59785012 1.57805322],[0.89641119 2.48434746]
[0.7373066  2.32120742],[0.59852214 1.57847307],[0.89668115 2.48453977]
[0.73760783 2.32206705],[0.59919372 1.57889337],[0.89695039 2.4847328 ]
[0.73790835 2.32292738],[0.59986485 1.5793141 ],[0.89721891 2.48492654]
[0.73820816 2.32378844],[0.60053555 1.57973528],[0.89748672 2.485121  ]
[0.73850725 2.32465021],[0.60120579 1.58015691],[0.89775381 2.48531618]
[0.73880562 2.3255127 ],[0.6018756  1.58057897],[0.89802018 2.48551208]
[0.73910328 2.32637591],[0.60254497 1.58100148],[0.89828584 2.48570869]
[0.73940023 2.32723983],[0.6032139  1.58142442],[0.89855078 2.48590602]
[0.73969646 2.32810446],[0.60388238 1.58184781],[0.89881501 2.48610406]
[0.73999197 2.32896981],[0.60455043 1.58227164],[0.89907853 2.48630282]
[0.74028677 2.32983588],[0.60521804 1.58269591],[0.89934133 2.48650229]
[0.74058086 2.33070266],[0.60588521 1.58312062],[0.89960342 2.48670248]
[0.74087424 2.33157016],[0.60655194 1.58354576],[0.89986479 2.48690338]
[0.7411669  2.33243837],[0.60721823 1.58397135],[0.90012546 2.487105  ]
[0.74145885 2.3333073 ],[0.60788408 1.58439737],[0.90038541 2.48730732]
[0.74175008 2.33417693],[0.6085495  1.58482383],[0.90064466 2.48751036]
[0.7420406  2.33504729],[0.60921448 1.58525073],[0.90090319 2.48771411]
[0.74233041 2.33591836],[0.60987902 1.58567806],[0.90116101 2.48791857]
[0.74261951 2.33679014],[0.61054313 1.58610584],[0.90141813 2.48812374]
[0.7429079  2.33766263],[0.6112068  1.58653404],[0.90167453 2.48832962]
[0.74319557 2.33853584],[0.61187004 1.58696269],[0.90193023 2.48853621]
[0.74348253 2.33940975],[0.61253284 1.58739177],[0.90218522 2.48874351]
[0.74376878 2.34028439],[0.61319521 1.58782128],[0.9024395  2.48895151]
[0.74405432 2.34115973],[0.61385714 1.58825123],[0.90269308 2.48916023]
[0.74433915 2.34203578],[0.61451864 1.58868161],[0.90294595 2.48936965]
[0.74462327 2.34291255],[0.6151797  1.58911243],[0.90319811 2.48957978]
[0.74490668 2.34379003],[0.61584034 1.58954368],[0.90344957 2.48979061]
[0.74518938 2.34466822],[0.61650054 1.58997536],[0.90370033 2.49000215]
[0.74547137 2.34554712],[0.61716031 1.59040748],[0.90395038 2.49021439]
[0.74575265 2.34642673],[0.61781965 1.59084002],[0.90419973 2.49042734]
[0.74603322 2.34730705],[0.61847855 1.591273  ],[0.90444838 2.49064099]
[0.74631308 2.34818808],[0.61913703 1.59170641],[0.90469632 2.49085535]
[0.74659223 2.34906982],[0.61979507 1.59214025],[0.90494356 2.4910704 ]
[0.74687068 2.34995227],[0.62045269 1.59257452],[0.9051901  2.49128616]
[0.74714842 2.35083542],[0.62110988 1.59300922],[0.90543595 2.49150262]
[0.74742545 2.35171929],[0.62176664 1.59344435],[0.90568109 2.49171979]
[0.74770177 2.35260386],[0.62242297 1.59387991],[0.90592553 2.49193765]
[0.74797739 2.35348915],[0.62307887 1.59431589],[0.90616927 2.49215621]
[0.7482523  2.35437514],[0.62373434 1.59475231],[0.90641232 2.49237547]
[0.7485265  2.35526183],[0.62438939 1.59518915],[0.90665467 2.49259543]
[0.7488     2.35614924],[0.62504401 1.59562641],[0.90689632 2.49281609]
[0.74907279 2.35703735],[0.62569821 1.59606411],[0.90713727 2.49303744]
[0.74934488 2.35792617],[0.62635197 1.59650223],[0.90737753 2.49325949]
[0.74961626 2.35881569],[0.62700532 1.59694078],[0.9076171  2.49348224]
[0.74988693 2.35970592],[0.62765824 1.59737975],[0.90785597 2.49370568]
[0.75015691 2.36059685],[0.62831073 1.59781914],[0.90809415 2.49392982]
[0.75042618 2.36148849],[0.62896281 1.59825896],[0.90833163 2.49415465]
[0.75069474 2.36238084],[0.62961445 1.59869921],[0.90856842 2.49438017]
[0.7509626  2.36327388],[0.63026568 1.59913987],[0.90880452 2.49460639]
[0.75122976 2.36416763],[0.63091648 1.59958096],[0.90903993 2.4948333 ]
[0.75149622 2.36506209],[0.63156686 1.60002247],[0.90927465 2.4950609 ]
[0.75176198 2.36595725],[0.63221682 1.60046441],[0.90950867 2.4952892 ]
[0.75202703 2.36685311],[0.63286636 1.60090676],[0.90974201 2.49551818]
[0.75229138 2.36774967],[0.63351548 1.60134954],[0.90997466 2.49574785]
[0.75255503 2.36864694],[0.63416418 1.60179273],[0.91020662 2.49597821]
[0.75281798 2.3695449 ],[0.63481246 1.60223635],[0.9104379  2.49620926]
[0.75308023 2.37044357],[0.63546032 1.60268039],[0.91066849 2.496441  ]
[0.75334179 2.37134294],[0.63610776 1.60312484],[0.91089839 2.49667342]
[0.75360264 2.37224301],[0.63675479 1.60356971],[0.9111276  2.49690654]
[0.75386279 2.37314378],[0.63740139 1.604015  ],[0.91135613 2.49714033]
[0.75412224 2.37404525],[0.63804758 1.60446071],[0.91158398 2.49737481]
[0.754381   2.37494741],[0.63869336 1.60490683],[0.91181114 2.49760998]
[0.75463906 2.37585028],[0.63933871 1.60535338],[0.91203763 2.49784583]
[0.75489642 2.37675385],[0.63998366 1.60580033],[0.91226342 2.49808237]
[0.75515308 2.37765811],[0.64062818 1.6062477 ],[0.91248854 2.49831958]
[0.75540905 2.37856307],[0.64127229 1.60669549],[0.91271298 2.49855748]
[0.75566432 2.37946873],[0.64191599 1.60714369],[0.91293674 2.49879606]
[0.7559189  2.38037508],[0.64255928 1.60759231],[0.91315981 2.49903532]
[0.75617278 2.38128213],[0.64320215 1.60804134],[0.91338221 2.49927525]
[0.75642596 2.38218987],[0.64384461 1.60849078],[0.91360393 2.49951587]
[0.75667846 2.38309832],[0.64448665 1.60894063],[0.91382498 2.49975717]
[0.75693025 2.38400745],[0.64512829 1.6093909 ],[0.91404534 2.49999914]
[0.75718136 2.38491728],[0.64576952 1.60984157],[0.91426503 2.50024179]
[0.75743177 2.38582781],[0.64641033 1.61029266],[0.91448405 2.50048512]
[0.75768149 2.38673902],[0.64705073 1.61074416],[0.91470239 2.50072912]
[0.75793051 2.38765093],[0.64769073 1.61119607],[0.91492006 2.50097379]
[0.75817885 2.38856354],[0.64833032 1.61164839],[0.91513705 2.50121915]
[0.75842649 2.38947683],[0.64896949 1.61210111],[0.91535337 2.50146517]
[0.75867345 2.39039082],[0.64960826 1.61255425],[0.91556903 2.50171187]
[0.75891971 2.3913055 ],[0.65024663 1.61300779],[0.915784   2.50195923]
[0.75916528 2.39222087],[0.65088458 1.61346174],[0.91599831 2.50220727]
[0.75941017 2.39313692],[0.65152213 1.61391609],[0.91621195 2.50245598]
[0.75965436 2.39405367],[0.65215928 1.61437085],[0.91642492 2.50270536]
[0.75989787 2.39497111],[0.65279601 1.61482602],[0.91663723 2.50295541]
[0.76014069 2.39588924],[0.65343235 1.61528159],[0.91684886 2.50320613]
[0.76038282 2.39680805],[0.65406828 1.61573757],[0.91705983 2.50345751]
[0.76062427 2.39772755],[0.6547038  1.61619395],[0.91727014 2.50370956]
[0.76086503 2.39864774],[0.65533893 1.61665073],[0.91747978 2.50396228]
[0.7611051  2.39956862],[0.65597365 1.61710792],[0.91768875 2.50421566]
[0.76134449 2.40049018],[0.65660797 1.61756551],[0.91789706 2.50446971]
[0.76158319 2.40141243],[0.65724188 1.6180235 ],[0.91810471 2.50472442]
[0.76182121 2.40233537],[0.6578754  1.61848189],[0.91831169 2.50497979]
[0.76205855 2.40325898],[0.65850852 1.61894068],[0.91851802 2.50523583]
[0.7622952  2.40418329],[0.65914123 1.61939988],[0.91872368 2.50549252]
[0.76253117 2.40510827],[0.65977355 1.61985947],[0.91892869 2.50574988]
[0.76276645 2.40603394],[0.66040547 1.62031946],[0.91913303 2.5060079 ]
[0.76300106 2.40696029],[0.66103699 1.62077985],[0.91933672 2.50626657]
[0.76323498 2.40788733],[0.66166811 1.62124064],[0.91953975 2.50652591]
[0.76346823 2.40881504],[0.66229883 1.62170183],[0.91974212 2.5067859 ]
[0.76370079 2.40974344],[0.66292916 1.62216341],[0.91994383 2.50704655]
[0.76393267 2.41067252],[0.6635591  1.62262539],[0.9201449  2.50730786]
[0.76416388 2.41160227],[0.66418863 1.62308776],[0.9203453  2.50756982]
[0.7643944  2.41253271],[0.66481777 1.62355053],[0.92054506 2.50783243]
[0.76462425 2.41346383],[0.66544652 1.6240137 ],[0.92074416 2.5080957 ]
[0.76485342 2.41439562],[0.66607488 1.62447726],[0.9209426  2.50835963]
[0.76508192 2.41532809],[0.66670284 1.62494121],[0.9211404 2.5086242]
[0.76530974 2.41626124],[0.66733041 1.62540555],[0.92133755 2.50888943]
[0.76553688 2.41719506],[0.66795758 1.62587029],[0.92153404 2.5091553 ]
[0.76576335 2.41812956],[0.66858437 1.62633542],[0.92172989 2.50942183]
[0.76598914 2.41906474],[0.66921076 1.62680094],[0.92192509 2.509689  ]
[0.76621426 2.42000059],[0.66983676 1.62726685],[0.92211964 2.50995683]
[0.7664387  2.42093712],[0.67046238 1.62773316],[0.92231355 2.5102253 ]
[0.76666248 2.42187431],[0.6710876  1.62819985],[0.92250681 2.51049442]
[0.76688558 2.42281219],[0.67171244 1.62866693],[0.92269942 2.51076418]
[0.76710801 2.42375073],[0.67233688 1.6291344 ],[0.92289139 2.51103459]
[0.76732976 2.42468995],[0.67296094 1.62960225],[0.92308272 2.51130564]
[0.76755085 2.42562983],[0.67358461 1.6300705 ],[0.92327341 2.51157733]
[0.76777127 2.42657039],[0.6742079  1.63053913],[0.92346345 2.51184967]
[0.76799102 2.42751162],[0.6748308  1.63100814],[0.92365285 2.51212265]
[0.7682101  2.42845352],[0.67545332 1.63147755],[0.92384162 2.51239627]
[0.76842851 2.42939609],[0.67607545 1.63194733],[0.92402974 2.51267053]
[0.76864625 2.43033932],[0.67669719 1.63241751],[0.92421722 2.51294543]
[0.76886333 2.43128323],[0.67731856 1.63288806],[0.92440407 2.51322097]
[0.76907974 2.4322278 ],[0.67793953 1.633359  ],[0.92459028 2.51349715]
[0.76929548 2.43317303],[0.67856013 1.63383032],[0.92477585 2.51377396]
[0.76951056 2.43411894],[0.67918035 1.63430202],[0.92496079 2.51405141]
[0.76972498 2.4350655 ],[0.67980018 1.63477411],[0.9251451  2.51432949]
[0.76993873 2.43601274],[0.68041963 1.63524658],[0.92532877 2.51460821]
[0.77015182 2.43696063],[0.68103871 1.63571942],[0.92551181 2.51488756]
[0.77036425 2.43790919],[0.6816574  1.63619265],[0.92569422 2.51516755]
[0.77057601 2.43885842],[0.68227572 1.63666625],[0.92587599 2.51544816]
[0.77078711 2.4398083 ],[0.68289365 1.63714024],[0.92605714 2.51572941]
[0.77099755 2.44075885],[0.68351121 1.6376146 ],[0.92623766 2.51601129]
[0.77120734 2.44171005],[0.68412839 1.63808934],[0.92641754 2.51629379]
[0.77141646 2.44266192],[0.6847452  1.63856446],[0.9265968  2.51657693]
[0.77162492 2.44361445],[0.68536163 1.63903995],[0.92677544 2.51686069]
[0.77183273 2.44456764],[0.68597768 1.63951582],[0.92695345 2.51714508]
[0.77203988 2.44552148],[0.68659336 1.63999206],[0.92713083 2.51743009]
[0.77224637 2.44647598],[0.68720867 1.64046868],[0.92730759 2.51771573]
[0.7724522  2.44743114],[0.6878236  1.64094567],[0.92748372 2.518002  ]
[0.77265738 2.44838696],[0.68843816 1.64142303],[0.92765924 2.51828888]
[0.77286191 2.44934343],[0.68905234 1.64190077],[0.92783413 2.51857639]
[0.77306578 2.45030055],[0.68966616 1.64237888],[0.9280084  2.51886452]
[0.773269   2.45125833],[0.6902796  1.64285736],[0.92818205 2.51915327]
[0.77347156 2.45221677],[0.69089267 1.64333621],[0.92835508 2.51944264]
[0.77367347 2.45317585],[0.69150537 1.64381544],[0.9285275  2.51973263]
[0.77387473 2.45413559],[0.69211771 1.64429503],[0.92869929 2.52002324]
[0.77407534 2.45509598],[0.69272967 1.64477499],[0.92887047 2.52031447]
[0.7742753  2.45605703],[0.69334127 1.64525532],[0.92904104 2.52060631]
[0.77447461 2.45701872],[0.69395249 1.64573602],[0.92921099 2.52089876]
[0.77467327 2.45798106],[0.69456336 1.64621708],[0.92938033 2.52119184]
[0.77487129 2.45894405],[0.69517385 1.64669851],[0.92954905 2.52148552]
[0.77506865 2.45990769],[0.69578398 1.64718031],[0.92971716 2.52177982]
[0.77526537 2.46087197],[0.69639374 1.64766247],[0.92988466 2.52207473]
[0.77546144 2.46183691],[0.69700314 1.648145  ],[0.93005155 2.52237025]
[0.77565687 2.46280249],[0.69761218 1.64862789],[0.93021783 2.52266638]
[0.77585165 2.46376871],[0.69822085 1.64911115],[0.9303835  2.52296312]
[0.77604579 2.46473558],[0.69882916 1.64959477],[0.93054857 2.52326047]
[0.77623929 2.4657031 ],[0.6994371  1.65007875],[0.93071302 2.52355842]
[0.77643214 2.46667125],[0.70004469 1.65056309],[0.93087688 2.52385698]
[0.77662435 2.46764005],[0.70065191 1.65104779],[0.93104012 2.52415615]
[0.77681592 2.46860949],[0.70125878 1.65153286],[0.93120276 2.52445593]
[0.77700685 2.46957958],[0.70186528 1.65201828],[0.9313648 2.5247563]
[0.77719714 2.4705503 ],[0.70247142 1.65250407],[0.93152624 2.52505728]
[0.77738679 2.47152166],[0.70307721 1.65299021],[0.93168708 2.52535886]
[0.7775758  2.47249366],[0.70368264 1.65347671],[0.93184731 2.52566105]
[0.77776418 2.47346631],[0.70428771 1.65396357],[0.93200695 2.52596383]
[0.77795191 2.47443958],[0.70489242 1.65445079],[0.93216599 2.52626721]
[0.77813902 2.4754135 ],[0.70549678 1.65493836],[0.93232442 2.52657119]
[0.77832548 2.47638805],[0.70610079 1.65542628],[0.93248227 2.52687577]
[0.77851131 2.47736324],[0.70670443 1.65591457],[0.93263951 2.52718095]
[0.77869651 2.47833906],[0.70730773 1.6564032 ],[0.93279617 2.52748672]
[0.77888107 2.47931551],[0.70791067 1.65689219],[0.93295222 2.52779308]
[0.77906501 2.4802926 ],[0.70851325 1.65738154],[0.93310769 2.52810004]
[0.7792483  2.48127032],[0.70911549 1.65787124],[0.93326256 2.5284076 ]
[0.77943097 2.48224868],[0.70971737 1.65836128],[0.93341684 2.52871574]
[0.77961301 2.48322766],[0.7103189  1.65885168],[0.93357053 2.52902448]
[0.77979442 2.48420728],[0.71092008 1.65934243],[0.93372363 2.5293338 ]
[0.7799752  2.48518752],[0.71152092 1.65983354],[0.93387614 2.52964372]
[0.78015535 2.48616839],[0.7121214  1.66032499],[0.93402806 2.52995422]
[0.78033487 2.48714989],[0.71272153 1.66081679],[0.9341794  2.53026532]
[0.78051377 2.48813202],[0.71332132 1.66130893],[0.93433015 2.53057699]
[0.78069204 2.48911478],[0.71392075 1.66180143],[0.93448031 2.53088926]
[0.78086969 2.49009816],[0.71451984 1.66229427],[0.9346299  2.53120211]
[0.78104671 2.49108216],[0.71511859 1.66278746],[0.93477889 2.53151554]
[0.78122311 2.49206679],[0.71571699 1.66328099],[0.93492731 2.53182956]
[0.78139889 2.49305205],[0.71631504 1.66377487],[0.93507514 2.53214415]
[0.78157404 2.49403792],[0.71691275 1.6642691 ],[0.9352224  2.53245933]
[0.78174857 2.49502442],[0.71751012 1.66476367],[0.93536907 2.53277509]
[0.78192248 2.49601154],[0.71810714 1.66525858],[0.93551517 2.53309143]
[0.78209578 2.49699928],[0.71870382 1.66575383],[0.93566069 2.53340835]
[0.78226845 2.49798764],[0.71930016 1.66624943],[0.93580563 2.53372584]
[0.7824405  2.49897662],[0.71989616 1.66674536],[0.93594999 2.53404391]
[0.78261194 2.49996621],[0.72049181 1.66724164],[0.93609378 2.53436256]
[0.78278276 2.50095643],[0.72108713 1.66773826],[0.936237   2.53468178]
[0.78295296 2.50194726],[0.72168211 1.66823522],[0.93637964 2.53500157]
[0.78312255 2.50293871],[0.72227674 1.66873252],[0.93652172 2.53532194]
[0.78329153 2.50393077],[0.72287105 1.66923015],[0.93666322 2.53564288]
[0.78345989 2.50492344],[0.72346501 1.66972812],[0.93680415 2.53596439]
[0.78362764 2.50591673],[0.72405863 1.67022643],[0.93694451 2.53628647]
[0.78379477 2.50691064],[0.72465192 1.67072508],[0.9370843  2.53660912]
[0.7839613  2.50790515],[0.72524488 1.67122406],[0.93722353 2.53693233]
[0.78412721 2.50890027],[0.7258375  1.67172338],[0.93736218 2.53725612]
[0.78429252 2.50989601],[0.72642978 1.67222303],[0.93750028 2.53758047]
[0.78445722 2.51089236],[0.72702173 1.67272302],[0.93763781 2.53790538]
[0.7846213  2.51188931],[0.72761335 1.67322334],[0.93777477 2.53823086]
[0.78478478 2.51288687],[0.72820464 1.67372399],[0.93791117 2.5385569 ]
[0.78494766 2.51388504],[0.72879559 1.67422497],[0.93804701 2.53888351]
[0.78510993 2.51488382],[0.72938621 1.67472629],[0.93818229 2.53921067]
[0.78527159 2.5158832 ],[0.7299765  1.67522794],[0.93831701 2.5395384 ]
[0.78543265 2.51688318],[0.73056647 1.67572991],[0.93845117 2.53986669]
[0.7855931  2.51788377],[0.7311561  1.67623222],[0.93858478 2.54019553]
[0.78575296 2.51888496],[0.7317454  1.67673485],[0.93871782 2.54052494]
[0.78591221 2.51988676],[0.73233438 1.67723781],[0.93885031 2.5408549 ]
[0.78607086 2.52088916],[0.73292303 1.6777411 ],[0.93898225 2.54118541]
[0.78622891 2.52189215],[0.73351135 1.67824472],[0.93911363 2.54151648]
[0.78638636 2.52289575],[0.73409934 1.67874867],[0.93924445 2.5418481 ]
[0.78654321 2.52389995],[0.73468701 1.67925294],[0.93937473 2.54218028]
[0.78669947 2.52490474],[0.73527436 1.67975753],[0.93950445 2.54251301]
[0.78685513 2.52591013],[0.73586138 1.68026245],[0.93963362 2.54284629]
[0.78701019 2.52691612],[0.73644807 1.68076769],[0.93976224 2.54318012]
[0.78716466 2.52792271],[0.73703445 1.68127326],[0.93989032 2.5435145 ]
[0.78731853 2.52892989],[0.7376205  1.68177915],[0.94001785 2.54384943]
[0.78747181 2.52993766],[0.73820623 1.68228536],[0.94014483 2.5441849 ]
[0.78762449 2.53094603],[0.73879164 1.68279189],[0.94027126 2.54452092]
[0.78777659 2.53195499],[0.73937672 1.68329874],[0.94039715 2.54485749]
[0.78792809 2.53296454],[0.73996149 1.68380592],[0.9405225 2.5451946]
[0.788079   2.53397468],[0.74054594 1.68431341],[0.9406473  2.54553225]
[0.78822933 2.53498542],[0.74113007 1.68482122],[0.94077156 2.54587045]
[0.78837906 2.53599674],[0.74171388 1.68532935],[0.94089528 2.54620918]
[0.78852821 2.53700865],[0.74229738 1.6858378 ],[0.94101846 2.54654846]
[0.78867677 2.53802115],[0.74288055 1.68634656],[0.9411411  2.54688828]
[0.78882474 2.53903423],[0.74346341 1.68685564],[0.9412632  2.54722864]
[0.78897213 2.5400479 ],[0.74404596 1.68736504],[0.94138477 2.54756953]
[0.78911893 2.54106216],[0.74462819 1.68787475],[0.9415058  2.54791096]
[0.78926515 2.542077  ],[0.74521011 1.68838477],[0.94162629 2.54825293]
[0.78941079 2.54309242],[0.74579171 1.68889511],[0.94174625 2.54859543]
[0.78955584 2.54410843],[0.746373   1.68940576],[0.94186568 2.54893846]
[0.78970032 2.54512502],[0.74695398 1.68991673],[0.94198458 2.54928203]
[0.78984421 2.54614219],[0.74753464 1.690428  ],[0.94210294 2.54962613]
[0.78998752 2.54715994],[0.748115   1.69093959],[0.94222077 2.54997076]
[0.79013026 2.54817826],[0.74869504 1.69145149],[0.94233808 2.55031592]
[0.79027241 2.54919717],[0.74927478 1.6919637 ],[0.94245485 2.55066161]
[0.79041399 2.55021665],[0.7498542  1.69247622],[0.9425711  2.55100783]
[0.790555   2.55123672],[0.75043332 1.69298904],[0.94268682 2.55135458]
[0.79069543 2.55225735],[0.75101213 1.69350218],[0.94280201 2.55170185]
[0.79083528 2.55327856],[0.75159063 1.69401562],[0.94291668 2.55204964]
[0.79097456 2.55430035],[0.75216882 1.69452937],[0.94303083 2.55239796]
[0.79111327 2.55532271],[0.75274671 1.69504342],[0.94314445 2.55274681]
[0.7912514  2.55634564],[0.75332429 1.69555779],[0.94325756 2.55309617]
[0.79138897 2.55736914],[0.75390157 1.69607245],[0.94337014 2.55344606]
[0.79152596 2.55839322],[0.75447855 1.69658742],[0.9434822  2.55379647]
[0.79166239 2.55941786],[0.75505522 1.6971027 ],[0.94359374 2.5541474 ]
[0.79179825 2.56044308],[0.75563158 1.69761827],[0.94370476 2.55449884]
[0.79193353 2.56146886],[0.75620765 1.69813415],[0.94381527 2.55485081]
[0.79206826 2.56249521],[0.75678341 1.69865033],[0.94392526 2.55520329]
[0.79220241 2.56352212],[0.75735887 1.69916682],[0.94403474 2.55555628]
[0.792336  2.5645496],[0.75793403 1.6996836 ],[0.9441437  2.55590979]
[0.79246903 2.56557765],[0.7585089  1.70020068],[0.94425215 2.55626382]
[0.79260149 2.56660626],[0.75908346 1.70071806],[0.94436009 2.55661835]
[0.79273339 2.56763543],[0.75965772 1.70123575],[0.94446751 2.5569734 ]
[0.79286473 2.56866517],[0.76023169 1.70175373],[0.94457443 2.55732896]
[0.79299551 2.56969546],[0.76080536 1.702272  ],[0.94468083 2.55768503]
[0.79312573 2.57072632],[0.76137873 1.70279058],[0.94478673 2.55804161]
[0.79325539 2.57175774],[0.7619518  1.70330945],[0.94489212 2.55839869]
[0.79338449 2.57278971],[0.76252458 1.70382861],[0.944997   2.55875628]
[0.79351303 2.57382224],[0.76309707 1.70434807],[0.94510138 2.55911438]
[0.79364102 2.57485533],[0.76366926 1.70486783],[0.94520525 2.55947299]
[0.79376845 2.57588898],[0.76424116 1.70538787],[0.94530862 2.55983209]
[0.79389533 2.57692318],[0.76481276 1.70590822],[0.94541149 2.5601917 ]
[0.79402165 2.57795794],[0.76538407 1.70642885],[0.94551386 2.56055182]
[0.79414742 2.57899325],[0.76595509 1.70694978],[0.94561572 2.56091243]
[0.79427264 2.58002911],[0.76652582 1.70747099],[0.94571709 2.56127354]
[0.7943973  2.58106552],[0.76709626 1.7079925 ],[0.94581795 2.56163516]
[0.79452142 2.58210249],[0.76766641 1.7085143 ],[0.94591832 2.56199727]
[0.79464498 2.58314   ],[0.76823627 1.70903639],[0.94601819 2.56235988]
[0.794768   2.58417807],[0.76880584 1.70955876],[0.94611757 2.56272298]
[0.79489047 2.58521668],[0.76937512 1.71008143],[0.94621645 2.56308658]
[0.79501239 2.58625584],[0.76994412 1.71060438],[0.94631484 2.56345068]
[0.79513377 2.58729555],[0.77051283 1.71112761],[0.94641273 2.56381527]
[0.7952546 2.5883358],[0.77108125 1.71165114],[0.94651013 2.56418035]
[0.79537489 2.5893766 ],[0.77164939 1.71217495],[0.94660704 2.56454592]
[0.79549463 2.59041794],[0.77221724 1.71269905],[0.94670346 2.56491198]
[0.79561383 2.59145982],[0.77278481 1.71322342],[0.94679939 2.56527853]
[0.79573249 2.59250225],[0.77335209 1.71374809],[0.94689484 2.56564558]
[0.79585061 2.59354522],[0.77391909 1.71427303],[0.94698979 2.56601311]
[0.79596818 2.59458873],[0.77448581 1.71479826],[0.94708426 2.56638112]
[0.79608522 2.59563277],[0.77505225 1.71532378],[0.94717825 2.56674962]
[0.79620172 2.59667736],[0.7756184  1.71584957],[0.94727175 2.56711861]
[0.79631769 2.59772248],[0.77618428 1.71637564],[0.94736476 2.56748808]
[0.79643311 2.59876815],[0.77674987 1.71690199],[0.94745729 2.56785803]
[0.796548   2.59981434],[0.77731519 1.71742863],[0.94754935 2.56822847]
[0.79666236 2.60086108],[0.77788022 1.71795554],[0.94764092 2.56859938]
[0.79677618 2.60190834],[0.77844498 1.71848273],[0.94773201 2.56897078]
[0.79688947 2.60295614],[0.77900946 1.7190102 ],[0.94782262 2.56934266]
[0.79700223 2.60400448],[0.77957367 1.71953794],[0.94791276 2.56971501]
[0.79711445 2.60505334],[0.78013759 1.72006596],[0.94800242 2.57008784]
[0.79722615 2.60610274],[0.78070125 1.72059426],[0.9480916  2.57046115]
[0.79733732 2.60715266],[0.78126462 1.72112283],[0.94818031 2.57083493]
[0.79744795 2.60820312],[0.78182773 1.72165168],[0.94826854 2.57120919]
[0.79755806 2.6092541 ],[0.78239055 1.7221808 ],[0.9483563  2.57158392]
[0.79766765 2.61030561],[0.78295311 1.72271019],[0.94844359 2.57195912]
[0.7977767  2.61135765],[0.78351539 1.72323986],[0.94853041 2.57233479]
[0.79788524 2.61241021],[0.7840774 1.7237698],[0.94861676 2.57271094]
[0.79799324 2.61346329],[0.78463914 1.72430001],[0.94870263 2.57308755]
[0.79810073 2.6145169 ],[0.78520061 1.72483049],[0.94878804 2.57346463]
[0.79820769 2.61557104],[0.78576181 1.72536124],[0.94887299 2.57384218]
[0.79831413 2.61662569],[0.78632273 1.72589226],[0.94895746 2.5742202 ]
[0.79842005 2.61768087],[0.78688339 1.72642355],[0.94904148 2.57459868]
[0.79852545 2.61873657],[0.78744378 1.72695511],[0.94912502 2.57497763]
[0.79863033 2.61979278],[0.78800391 1.72748694],[0.94920811 2.57535704]
[0.79873469 2.62084952],[0.78856376 1.72801903],[0.94929073 2.57573692]
[0.79883854 2.62190677],[0.78912335 1.72855139],[0.94937289 2.57611725]
[0.79894187 2.62296453],[0.78968267 1.72908402],[0.94945458 2.57649805]
[0.79904468 2.62402282],[0.79024173 1.72961691],[0.94953582 2.57687931]
[0.79914698 2.62508162],[0.79080052 1.73015007],[0.9496166  2.57726102]
[0.79924877 2.62614093],[0.79135905 1.73068349],[0.94969692 2.5776432 ]
[0.79935004 2.62720076],[0.79191732 1.73121718],[0.94977679 2.57802583]
[0.79945081 2.6282611 ],[0.79247532 1.73175113],[0.9498562  2.57840892]
[0.79955106 2.62932194],[0.79303306 1.73228534],[0.94993515 2.57879246]
[0.7996508 2.6303833],[0.79359053 1.73281981],[0.95001365 2.57917646]
[0.79975003 2.63144517],[0.79414775 1.73335454],[0.9500917  2.57956091]
[0.79984875 2.63250755],[0.79470471 1.73388954],[0.9501693  2.57994582]
[0.79994697 2.63357044],[0.7952614  1.73442479],[0.95024644 2.58033117]
[0.80004468 2.63463383],[0.79581784 1.73496031],[0.95032313 2.58071698]
[0.80014188 2.63569773],[0.79637402 1.73549608],[0.95039938 2.58110323]
[0.80023858 2.63676214],[0.79692993 1.73603211],[0.95047517 2.58148994]
[0.80033478 2.63782704],[0.7974856 1.7365684],[0.95055052 2.58187709]
[0.80043047 2.63889246],[0.798041   1.73710495],[0.95062542 2.58226469]
[0.80052566 2.63995837],[0.79859615 1.73764175],[0.95069988 2.58265274]
[0.80062035 2.64102479],[0.79915104 1.73817881],[0.95077389 2.58304123]
[0.80071454 2.6420917 ],[0.79970568 1.73871612],[0.95084746 2.58343016]
[0.80080822 2.64315912],[0.80026006 1.73925369],[0.95092058 2.58381954]
[0.80090142 2.64422703],[0.80081419 1.73979152],[0.95099327 2.58420936]
[0.80099411 2.64529545],[0.80136806 1.74032959],[0.95106551 2.58459962]
[0.8010863  2.64636436],[0.80192168 1.74086792],[0.95113731 2.58499032]
[0.801178   2.64743377],[0.80247505 1.7414065 ],[0.95120867 2.58538146]
[0.80126921 2.64850367],[0.80302817 1.74194534],[0.9512796  2.58577304]
[0.80135992 2.64957406],[0.80358104 1.74248442],[0.95135009 2.58616506]
[0.80145014 2.65064495],[0.80413365 1.74302376],[0.95142014 2.58655751]
[0.80153986 2.65171634],[0.80468602 1.74356334],[0.95148975 2.5869504 ]
[0.8016291  2.65278821],[0.80523813 1.74410318],[0.95155894 2.58734373]
[0.80171784 2.65386058],[0.80579    1.74464326],[0.95162768 2.58773748]
[0.8018061  2.65493343],[0.80634162 1.7451836 ],[0.951696   2.58813168]
[0.80189386 2.65600678],[0.80689299 1.74572418],[0.95176388 2.5885263 ]
[0.80198114 2.65708061],[0.80744412 1.746265  ],[0.95183134 2.58892135]
[0.80206793 2.65815493],[0.807995   1.74680608],[0.95189836 2.58931684]
[0.80215423 2.65922974],[0.80854563 1.7473474 ],[0.95196495 2.58971275]
[0.80224005 2.66030504],[0.80909601 1.74788896],[0.95203112 2.59010909]
[0.80232538 2.66138081],[0.80964616 1.74843077],[0.95209686 2.59050586]
[0.80241023 2.66245707],[0.81019605 1.74897283],[0.95216217 2.59090306]
[0.8024946  2.66353382],[0.81074571 1.74951512],[0.95222706 2.59130068]
[0.80257849 2.66461105],[0.81129512 1.75005766],[0.95229152 2.59169872]
[0.80266189 2.66568875],[0.81184429 1.75060045],[0.95235556 2.59209719]
[0.80274482 2.66676694],[0.81239322 1.75114347],[0.95241918 2.59249608]
[0.80282726 2.66784561],[0.8129419  1.75168674],[0.95248238 2.5928954 ]
[0.80290923 2.66892476],[0.81349035 1.75223025],[0.95254515 2.59329513]
[0.80299072 2.67000438],[0.81403855 1.75277399],[0.95260751 2.59369529]
[0.80307174 2.67108448],[0.81458652 1.75331798],[0.95266945 2.59409586]
[0.80315227 2.67216506],[0.81513424 1.75386221],[0.95273096 2.59449685]
[0.80323234 2.67324611],[0.81568173 1.75440667],[0.95279207 2.59489826]
[0.80331193 2.67432764],[0.81622898 1.75495137],[0.95285275 2.59530009]
[0.80339104 2.67540964],[0.81677599 1.75549631],[0.95291302 2.59570233]
[0.80346969 2.67649211],[0.81732277 1.75604149],[0.95297288 2.59610498]
[0.80354786 2.67757505],[0.81786931 1.7565869 ],[0.95303232 2.59650805]
[0.80362557 2.67865847],[0.81841561 1.75713255],[0.95309135 2.59691154]
[0.8037028  2.67974235],[0.81896168 1.75767843],[0.95314997 2.59731543]
[0.80377957 2.6808267 ],[0.81950752 1.75822455],[0.95320818 2.59771974]
[0.80385586 2.68191152],[0.82005312 1.7587709 ],[0.95326598 2.59812445]
[0.80393169 2.68299681],[0.82059849 1.75931749],[0.95332337 2.59852958]
[0.80400706 2.68408256],[0.82114362 1.75986431],[0.95338035 2.59893511]
[0.80408196 2.68516878],[0.82168852 1.76041136],[0.95343693 2.59934105]
[0.80415639 2.68625547],[0.8222332  1.76095864],[0.9534931  2.59974739]
[0.80423037 2.68734262],[0.82277764 1.76150615],[0.95354886 2.60015415]
[0.80430388 2.68843023],[0.82332185 1.76205389],[0.95360422 2.6005613 ]
[0.80437692 2.6895183 ],[0.82386582 1.76260187],[0.95365918 2.60096886]
[0.80444951 2.69060683],[0.82440957 1.76315007],[0.95371373 2.60137682]
[0.80452164 2.69169582],[0.8249531 1.7636985],[0.95376788 2.60178519]
[0.80459331 2.69278528],[0.82549639 1.76424716],[0.95382163 2.60219395]
[0.80466452 2.69387519],[0.82603945 1.76479605],[0.95387498 2.60260312]
[0.80473527 2.69496556],[0.82658229 1.76534517],[0.95392793 2.60301269]
[0.80480557 2.69605638],[0.8271249  1.76589451],[0.95398049 2.60342265]
[0.80487541 2.69714766],[0.82766729 1.76644408],[0.95403264 2.60383301]
[0.8049448 2.6982394],[0.82820945 1.76699387],[0.9540844  2.60424377]
[0.80501373 2.69933159],[0.82875138 1.76754389],[0.95413577 2.60465492]
[0.80508222 2.70042423],[0.82929309 1.76809413],[0.95418674 2.60506647]
[0.80515024 2.70151732],[0.82983458 1.7686446 ],[0.95423732 2.60547841]
[0.80521782 2.70261087],[0.83037584 1.76919529],[0.9542875  2.60589075]
[0.80528495 2.70370487],[0.83091688 1.7697462 ],[0.95433729 2.60630347]
[0.80535163 2.70479931],[0.8314577  1.77029733],[0.95438669 2.60671659]
[0.80541786 2.70589421],[0.8319983  1.77084869],[0.9544357 2.6071301]
[0.80548364 2.70698955],[0.83253867 1.77140027],[0.95448433 2.607544  ]
[0.80554898 2.70808534],[0.83307883 1.77195207],[0.95453256 2.60795829]
[0.80561387 2.70918158],[0.83361876 1.77250409],[0.95458041 2.60837296]
[0.80567831 2.71027826],[0.83415848 1.77305632],[0.95462786 2.60878802]
[0.80574231 2.71137539],[0.83469798 1.77360878],[0.95467494 2.60920347]
[0.80580587 2.71247296],[0.83523725 1.77416146],[0.95472163 2.6096193 ]
[0.80586898 2.71357097],[0.83577631 1.77471435],[0.95476793 2.61003552]
[0.80593166 2.71466942],[0.83631516 1.77526746],[0.95481385 2.61045212]
[0.80599389 2.71576832],[0.83685378 1.77582079],[0.95485939 2.61086911]
[0.80605568 2.71686765],[0.83739219 1.77637433],[0.95490455 2.61128647]
[0.80611703 2.71796743],[0.83793039 1.77692809],[0.95494933 2.61170422]
[0.80617795 2.71906764],[0.83846837 1.77748207],[0.95499372 2.61212234]
[0.80623843 2.72016829],[0.83900613 1.77803626],[0.95503774 2.61254085]
[0.80629847 2.72126938],[0.83954368 1.77859066],[0.95508138 2.61295973]
[0.80635808 2.7223709 ],[0.84008102 1.77914528],[0.95512465 2.61337899]
[0.80641725 2.72347286],[0.84061814 1.77970011],[0.95516753 2.61379862]
[0.80647599 2.72457525],[0.84115505 1.78025515],[0.95521005 2.61421864]
[0.80653429 2.72567808],[0.84169175 1.7808104 ],[0.95525218 2.61463902]
[0.80659216 2.72678133],[0.84222824 1.78136587],[0.95529395 2.61505978]
[0.8066496  2.72788502],[0.84276451 1.78192155],[0.95533534 2.61548092]
[0.80670662 2.72898914],[0.84330058 1.78247744],[0.95537636 2.61590242]
[0.8067632  2.73009369],[0.84383644 1.78303353],[0.95541701 2.6163243 ]
[0.80681935 2.73119867],[0.84437208 1.78358984],[0.95545728 2.61674655]
[0.80687507 2.73230408],[0.84490752 1.78414636],[0.95549719 2.61716916]
[0.80693037 2.73340991],[0.84544275 1.78470308],[0.95553673 2.61759215]
[0.80698524 2.73451617],[0.84597777 1.78526001],[0.95557591 2.6180155 ]
[0.80703969 2.73562286],[0.84651259 1.78581715],[0.95561471 2.61843922]
[0.80709371 2.73672997],[0.8470472 1.7863745],[0.95565315 2.61886331]
[0.80714731 2.7378375 ],[0.8475816  1.78693205],[0.95569123 2.61928776]
[0.80720049 2.73894546],[0.8481158  1.78748981],[0.95572894 2.61971258]
[0.80725324 2.74005384],[0.84864979 1.78804777],[0.95576628 2.62013776]
[0.80730557 2.74116264],[0.84918357 1.78860594],[0.95580327 2.6205633 ]
[0.80735749 2.74227186],[0.84971716 1.78916431],[0.95583989 2.62098921]
[0.80740898 2.7433815 ],[0.85025053 1.78972288],[0.95587615 2.62141547]
[0.80746005 2.74449156],[0.85078371 1.79028166],[0.95591206 2.6218421 ]
[0.80751071 2.74560204],[0.85131668 1.79084064],[0.9559476  2.62226908]
[0.80756095 2.74671293],[0.85184945 1.79139982],[0.95598278 2.62269643]
[0.80761078 2.74782425],[0.85238202 1.79195921],[0.95601761 2.62312413]
[0.80766019 2.74893597],[0.85291439 1.79251879],[0.95605208 2.62355219]
[0.80770918 2.75004811],[0.85344656 1.79307858],[0.95608619 2.6239806 ]
[0.80775776 2.75116067],[0.85397853 1.79363857],[0.95611995 2.62440937]
[0.80780593 2.75227363],[0.8545103  1.79419875],[0.95615336 2.6248385 ]
[0.80785369 2.75338701],[0.85504187 1.79475914],[0.95618641 2.62526798]
[0.80790103 2.7545008 ],[0.85557324 1.79531972],[0.95621911 2.62569781]
[0.80794797 2.75561501],[0.85610441 1.7958805 ],[0.95625146 2.62612799]
[0.8079945  2.75672962],[0.85663538 1.79644148],[0.95628345 2.62655852]
[0.80804061 2.75784464],[0.85716616 1.79700266],[0.9563151  2.62698941]
[0.80808633 2.75896006],[0.85769675 1.79756403],[0.95634639 2.62742064]
[0.80813163 2.7600759 ],[0.85822713 1.7981256 ],[0.95637734 2.62785222]
[0.80817653 2.76119214],[0.85875732 1.79868736],[0.95640794 2.62828416]
[0.80822102 2.76230878],[0.85928732 1.79924932],[0.9564382  2.62871643]
[0.80826511 2.76342583],[0.85981712 1.79981147],[0.95646811 2.62914906]
[0.80830879 2.76454329],[0.86034673 1.80037382],[0.95649767 2.62958202]
[0.80835208 2.76566114],[0.86087614 1.80093636],[0.95652689 2.63001534]
[0.80839496 2.7667794 ],[0.86140536 1.80149909],[0.95655576 2.63044899]
[0.80843744 2.76789806],[0.86193439 1.80206202],[0.9565843  2.63088299]
[0.80847952 2.76901712],[0.86246323 1.80262513],[0.95661249 2.63131734]
[0.8085212  2.77013658],[0.86299187 1.80318844],[0.95664034 2.63175202]
[0.80856248 2.77125644],[0.86352032 1.80375194],[0.95666785 2.63218704]
[0.80860336 2.77237669],[0.86404859 1.80431564],[0.95669502 2.63262241]
[0.80864385 2.77349735],[0.86457666 1.80487952],[0.95672185 2.63305811]
[0.80868394 2.7746184 ],[0.86510454 1.80544359],[0.95674834 2.63349415]
[0.80872364 2.77573984],[0.86563224 1.80600785],[0.9567745  2.63393053]
[0.80876294 2.77686168],[0.86615974 1.80657229],[0.95680032 2.63436724]
[0.80880185 2.77798392],[0.86668706 1.80713693],[0.9568258  2.63480429]
[0.80884036 2.77910654],[0.86721419 1.80770175],[0.95685095 2.63524168]
[0.80887849 2.78022956],[0.86774114 1.80826676],[0.95687577 2.63567939]
[0.80891622 2.78135297],[0.86826789 1.80883196],[0.95690025 2.63611745]
[0.80895356 2.78247677],[0.86879446 1.80939734],[0.9569244  2.63655583]
[0.80899051 2.78360096],[0.86932085 1.80996291],[0.95694822 2.63699455]
[0.80902708 2.78472554],[0.86984705 1.81052867],[0.95697171 2.63743359]
[0.80906325 2.78585051],[0.87037307 1.81109461],[0.95699486 2.63787297]
[0.80909904 2.78697586],[0.8708989  1.81166073],[0.95701769 2.63831268]
[0.80913444 2.7881016 ],[0.87142454 1.81222704],[0.95704019 2.63875271]
[0.80916946 2.78922773],[0.87195001 1.81279353],[0.95706237 2.63919307]
[0.80920409 2.79035424],[0.87247529 1.8133602 ],[0.95708421 2.63963376]
[0.80923834 2.79148113],[0.87300039 1.81392705],[0.95710574 2.64007478]
[0.80927221 2.79260841],[0.87352531 1.81449409],[0.95712693 2.64051612]
[0.80930569 2.79373607],[0.87405004 1.81506131],[0.9571478  2.64095778]
[0.8093388  2.79486411],[0.8745746  1.81562871],[0.95716835 2.64139977]
[0.80937152 2.79599254],[0.87509897 1.81619629],[0.95718857 2.64184209]
[0.80940386 2.79712134],[0.87562317 1.81676405],[0.95720848 2.64228472]
[0.80943582 2.79825052],[0.87614718 1.81733198],[0.95722806 2.64272768]
[0.80946741 2.79938008],[0.87667102 1.8179001 ],[0.95724732 2.64317095]
[0.80949861 2.80051002],[0.87719468 1.8184684 ],[0.95726626 2.64361455]
[0.80952945 2.80164033],[0.87771816 1.81903687],[0.95728488 2.64405846]
[0.8095599  2.80277103],[0.87824146 1.81960552],[0.95730319 2.6445027 ]
[0.80958998 2.80390209],[0.87876458 1.82017435],[0.95732117 2.64494725]
[0.80961969 2.80503353],[0.87928753 1.82074336],[0.95733884 2.64539212]
[0.80964902 2.80616535],[0.87981031 1.82131254],[0.9573562 2.6458373]
[0.80967798 2.80729753],[0.8803329 1.8218819],[0.95737324 2.6462828 ]
[0.80970657 2.80843009],[0.88085532 1.82245143],[0.95738996 2.64672862]
[0.80973478 2.80956302],[0.88137757 1.82302114],[0.95740637 2.64717474]
[0.80976263 2.81069632],[0.88189964 1.82359102],[0.95742247 2.64762118]
[0.80979011 2.81182999],[0.88242154 1.82416107],[0.95743826 2.64806794]
[0.80981722 2.81296403],[0.88294327 1.8247313 ],[0.95745373 2.648515  ]
[0.80984396 2.81409844],[0.88346482 1.82530171],[0.9574689  2.64896238]
[0.80987033 2.81523321],[0.8839862  1.82587228],[0.95748375 2.64941006]
[0.80989634 2.81636835],[0.88450741 1.82644303],[0.9574983  2.64985806]
[0.80992198 2.81750386],[0.88502844 1.82701394],[0.95751253 2.65030636]
[0.80994726 2.81863973],[0.88554931 1.82758503],[0.95752646 2.65075497]
[0.80997217 2.81977597],[0.88607    1.82815629],[0.95754009 2.65120389]
[0.80999672 2.82091256],[0.88659053 1.82872772],[0.9575534  2.65165311]
[0.81002091 2.82204953],[0.88711088 1.82929932],[0.95756641 2.65210264]
[0.81004473 2.82318685],[0.88763106 1.82987109],[0.95757912 2.65255247]
[0.8100682  2.82432453],[0.88815108 1.83044303],[0.95759152 2.65300261]
[0.81009131 2.82546258],[0.88867093 1.83101514],[0.95760362 2.65345305]
[0.81011405 2.82660098],[0.88919061 1.83158741],[0.95761542 2.6539038 ]
[0.81013644 2.82773974],[0.88971012 1.83215985],[0.95762692 2.65435484]
[0.81015847 2.82887886],[0.89022946 1.83273246],[0.95763811 2.65480619]
[0.81018014 2.83001834],[0.89074864 1.83330524],[0.95764901 2.65525783]
[0.81020146 2.83115818],[0.89126765 1.83387818],[0.9576596  2.65570978]
[0.81022242 2.83229837],[0.8917865  1.83445129],[0.9576699  2.65616202]
[0.81024303 2.83343891],[0.89230518 1.83502456],[0.9576799  2.65661457]
[0.81026328 2.83457981],[0.8928237 1.835598 ],[0.9576896  2.65706741]
[0.81028318 2.83572106],[0.89334205 1.8361716 ],[0.95769901 2.65752054]
[0.81030272 2.83686266],[0.89386024 1.83674537],[0.95770812 2.65797398]
[0.81032192 2.83800462],[0.89437826 1.8373193 ],[0.95771693 2.6584277 ]
[0.81034076 2.83914693],[0.89489612 1.83789339],[0.95772545 2.65888173]
[0.81035926 2.84028958],[0.89541382 1.83846764],[0.95773368 2.65933604]
[0.8103774  2.84143259],[0.89593136 1.83904206],[0.95774162 2.65979065]
[0.8103952  2.84257595],[0.89644873 1.83961664],[0.95774926 2.66024555]
[0.81041265 2.84371965],[0.89696594 1.84019138],[0.95775661 2.66070074]
[0.81042975 2.8448637 ],[0.89748299 1.84076629],[0.95776367 2.66115623]
[0.81044651 2.8460081 ],[0.89799988 1.84134135],[0.95777044 2.661612  ]
[0.81046292 2.84715284],[0.89851662 1.84191657],[0.95777692 2.66206806]
[0.81047898 2.84829793],[0.89903319 1.84249195],[0.95778311 2.66252441]
[0.81049471 2.84944336],[0.8995496 1.8430675],[0.95778902 2.66298105]
[0.81051008 2.85058913],[0.90006585 1.8436432 ],[0.95779464 2.66343798]
[0.81052512 2.85173525],[0.90058195 1.84421905],[0.95779997 2.66389519]
[0.81053981 2.85288171],[0.90109788 1.84479507],[0.95780501 2.66435269]
[0.81055417 2.85402851],[0.90161366 1.84537125],[0.95780978 2.66481047]
[0.81056818 2.85517565],[0.90212929 1.84594758],[0.95781425 2.66526854]
[0.81058185 2.85632313],[0.90264475 1.84652407],[0.95781845 2.66572689]
[0.81059519 2.85747095],[0.90316006 1.84710071],[0.95782236 2.66618553]
[0.81060818 2.85861911],[0.90367521 1.84767751],[0.95782598 2.66664444]
[0.81062084 2.8597676 ],[0.90419021 1.84825447],[0.95782933 2.66710364]
[0.81063317 2.86091644],[0.90470505 1.84883158],[0.9578324  2.66756312]
[0.81064515 2.8620656 ],[0.90521974 1.84940884],[0.95783518 2.66802288]
[0.81065681 2.86321511],[0.90573428 1.84998626],[0.95783769 2.66848292]
[0.81066812 2.86436494],[0.90624866 1.85056384],[0.95783992 2.66894323]
[0.81067911 2.86551511],[0.90676288 1.85114156],[0.95784187 2.66940383]
[0.81068976 2.86666562],[0.90727696 1.85171944],[0.95784354 2.6698647 ]
[0.81070008 2.86781646],[0.90779088 1.85229748],[0.95784494 2.67032585]
[0.81071006 2.86896762],[0.90830465 1.85287566],[0.95784606 2.67078728]
[0.81071972 2.87011912],[0.90881826 1.853454  ],[0.95784691 2.67124898]
[0.81072905 2.87127095],[0.90933173 1.85403248],[0.95784748 2.67171095]
[0.81073805 2.87242311],[0.90984504 1.85461112],[0.95784777 2.6721732 ]
[0.81074672 2.8735756 ],[0.91035821 1.85518991],[0.9578478  2.67263572]
[0.81075506 2.87472841],[0.91087122 1.85576885],[0.95784755 2.67309852]
[0.81076307 2.87588155],[0.91138409 1.85634794],[0.95784703 2.67356159]
[0.81077076 2.87703502],[0.9118968  1.85692718],[0.95784624 2.67402492]
[0.81077812 2.87818881],[0.91240937 1.85750656],[0.95784518 2.67448853]
[0.81078516 2.87934293],[0.91292179 1.8580861 ],[0.95784385 2.67495241]
[0.81079188 2.88049737],[0.91343406 1.85866578],[0.95784225 2.67541656]
[0.81079827 2.88165214],[0.91394618 1.85924561],[0.95784038 2.67588097]
[0.81080434 2.88280723],[0.91445815 1.85982559],[0.95783824 2.67634566]
[0.81081008 2.88396264],[0.91496998 1.86040572],[0.95783584 2.67681061]
[0.81081551 2.88511837],[0.91548166 1.86098599],[0.95783317 2.67727583]
[0.81082061 2.88627443],[0.9159932  1.86156641],[0.95783023 2.67774131]
[0.8108254 2.8874308],[0.91650459 1.86214697],[0.95782703 2.67820706]
[0.81082986 2.88858749],[0.91701583 1.86272768],[0.95782357 2.67867307]
[0.81083401 2.8897445 ],[0.91752693 1.86330853],[0.95781984 2.67913935]
[0.81083784 2.89090183],[0.91803789 1.86388953],[0.95781585 2.67960589]
[0.81084135 2.89205948],[0.9185487  1.86447067],[0.9578116  2.68007269]
[0.81084455 2.89321744],[0.91905937 1.86505196],[0.95780708 2.68053975]
[0.81084743 2.89437572],[0.91956989 1.86563339],[0.9578023  2.68100708]
[0.81084999 2.89553431],[0.92008027 1.86621496],[0.95779727 2.68147466]
[0.81085225 2.89669322],[0.92059051 1.86679667],[0.95779197 2.68194251]
[0.81085419 2.89785244],[0.92110061 1.86737853],[0.95778642 2.68241061]
[0.81085581 2.89901197],[0.92161056 1.86796053],[0.9577806  2.68287897]
[0.81085712 2.90017182],[0.92212037 1.86854267],[0.95777453 2.6833476 ]
[0.81085813 2.90133197],[0.92263005 1.86912495],[0.9577682  2.68381647]
[0.81085882 2.90249244],[0.92313958 1.86970737],[0.95776162 2.68428561]
[0.8108592  2.90365322],[0.92364897 1.87028993],[0.95775478 2.684755  ]
[0.81085927 2.9048143 ],[0.92415822 1.87087263],[0.95774768 2.68522464]
[0.81085904 2.9059757 ],[0.92466733 1.87145547],[0.95774033 2.68569454]
[0.81085849 2.9071374 ],[0.9251763  1.87203845],[0.95773272 2.6861647 ]
[0.81085764 2.90829941],[0.92568514 1.87262157],[0.95772487 2.68663511]
[0.81085649 2.90946173],[0.92619383 1.87320483],[0.95771676 2.68710577]
[0.81085502 2.91062435],[0.92670239 1.87378823],[0.95770839 2.68757668]
[0.81085326 2.91178728],[0.92721081 1.87437176],[0.95769978 2.68804784]
[0.81085118 2.91295052],[0.9277191  1.87495543],[0.95769092 2.68851926]
[0.81084881 2.91411405],[0.92822724 1.87553924],[0.9576818  2.68899092]
[0.81084613 2.91527789],[0.92873525 1.87612318],[0.95767244 2.68946284]
[0.81084315 2.91644203],[0.92924312 1.87670726],[0.95766283 2.689935  ]
[0.81083987 2.91760648],[0.92975086 1.87729147],[0.95765296 2.69040741]
[0.81083628 2.91877122],[0.93025846 1.87787582],[0.95764286 2.69088007]
[0.8108324  2.91993627],[0.93076593 1.87846031],[0.9576325  2.69135298]
[0.81082821 2.92110161],[0.93127326 1.87904493],[0.9576219  2.69182613]
[0.81082373 2.92226726],[0.93178046 1.87962968],[0.95761105 2.69229953]
[0.81081895 2.9234332 ],[0.93228753 1.88021457],[0.95759996 2.69277317]
[0.81081387 2.92459944],[0.93279446 1.88079959],[0.95758862 2.69324706]
[0.8108085  2.92576598],[0.93330126 1.88138475],[0.95757704 2.69372119]
[0.81080283 2.92693281],[0.93380792 1.88197003],[0.95756522 2.69419556]
[0.81079686 2.92809994],[0.93431446 1.88255545],[0.95755316 2.69467018]
[0.8107906  2.92926736],[0.93482086 1.883141  ],[0.95754085 2.69514504]
[0.81078404 2.93043508],[0.93532713 1.88372669],[0.9575283  2.69562014]
[0.81077719 2.93160309],[0.93583326 1.8843125 ],[0.95751551 2.69609548]
[0.81077005 2.9327714 ],[0.93633927 1.88489845],[0.95750248 2.69657106]
[0.81076262 2.93393999],[0.93684515 1.88548452],[0.95748921 2.69704688]
[0.81075489 2.93510888],[0.93735089 1.88607073],[0.9574757  2.69752294]
[0.81074687 2.93627806],[0.93785651 1.88665707],[0.95746196 2.69799924]
[0.81073857 2.93744753],[0.93836199 1.88724353],[0.95744797 2.69847578]
[0.81072997 2.93861729],[0.93886735 1.88783013],[0.95743375 2.69895255]
[0.81072109 2.93978734],[0.93937258 1.88841685],[0.95741929 2.69942956]
[0.81071191 2.94095768],[0.93987768 1.8890037 ],[0.9574046  2.69990681]
[0.81070245 2.9421283 ],[0.94038265 1.88959068],[0.95738967 2.70038429]
[0.8106927  2.94329921],[0.9408875  1.89017779],[0.95737451 2.700862  ]
[0.81068267 2.94447041],[0.94139221 1.89076503],[0.95735911 2.70133995]
[0.81067235 2.94564189],[0.9418968  1.89135239],[0.95734348 2.70181814]
[0.81066174 2.94681366],[0.94240127 1.89193988],[0.95732762 2.70229655]
[0.81065086 2.94798571],[0.9429056  1.89252749],[0.95731152 2.7027752 ]
[0.81063968 2.94915805],[0.94340981 1.89311523],[0.9572952  2.70325408]
[0.81062823 2.95033067],[0.9439139 1.8937031],[0.95727864 2.70373319]
[0.81061649 2.95150357],[0.94441786 1.89429109],[0.95726185 2.70421253]
[0.81060447 2.95267675],[0.94492169 1.89487921],[0.95724483 2.7046921 ]
[0.81059217 2.95385022],[0.9454254  1.89546745],[0.95722759 2.7051719 ]
[0.81057959 2.95502396],[0.94592899 1.89605582],[0.95721011 2.70565193]
[0.81056673 2.95619799],[0.94643245 1.89664431],[0.9571924  2.70613219]
[0.81055359 2.95737229],[0.94693579 1.89723292],[0.95717447 2.70661268]
[0.81054017 2.95854688],[0.947439   1.89782166],[0.95715631 2.70709339]
[0.81052647 2.95972174],[0.9479421  1.89841052],[0.95713793 2.70757433]
[0.8105125  2.96089688],[0.94844507 1.8989995 ],[0.95711932 2.70805549]
[0.81049825 2.96207229],[0.94894791 1.89958861],[0.95710048 2.70853688]
[0.81048373 2.96324798],[0.94945064 1.90017783],[0.95708142 2.7090185 ]
[0.81046892 2.96442395],[0.94995324 1.90076718],[0.95706214 2.70950034]
[0.81045385 2.96560019],[0.95045572 1.90135665],[0.95704263 2.7099824 ]
[0.8104385 2.9667767],[0.95095809 1.90194624],[0.9570229  2.71046468]
[0.81042288 2.96795349],[0.95146033 1.90253595],[0.95700295 2.71094719]
[0.81040698 2.96913055],[0.95196245 1.90312578],[0.95698277 2.71142992]
[0.81039081 2.97030789],[0.95246445 1.90371573],[0.95696237 2.71191287]
[0.81037437 2.97148549],[0.95296633 1.9043058 ],[0.95694176 2.71239604]
[0.81035766 2.97266337],[0.95346809 1.90489599],[0.95692092 2.71287943]
[0.81034068 2.97384151],[0.95396974 1.9054863 ],[0.95689987 2.71336304]
[0.81032343 2.97501993],[0.95447126 1.90607673],[0.95687859 2.71384687]
[0.81030591 2.97619862],[0.95497267 1.90666727],[0.9568571  2.71433092]
[0.81028813 2.97737757],[0.95547396 1.90725794],[0.95683539 2.71481519]
[0.81027007 2.97855679],[0.95597513 1.90784872],[0.95681346 2.71529967]
[0.81025175 2.97973628],[0.95647618 1.90843961],[0.95679131 2.71578437]
[0.81023316 2.98091604],[0.95697712 1.90903063],[0.95676895 2.71626929]
[0.81021431 2.98209606],[0.95747794 1.90962176],[0.95674637 2.71675442]
[0.81019519 2.98327634],[0.95797864 1.91021301],[0.95672358 2.71723977]
[0.8101758  2.98445689],[0.95847923 1.91080437],[0.95670058 2.71772533]
[0.81015615 2.98563771],[0.9589797  1.91139585],[0.95667736 2.7182111 ]
[0.81013624 2.98681879],[0.95948006 1.91198745],[0.95665392 2.71869709]
[0.81011606 2.98800013],[0.9599803  1.91257916],[0.95663028 2.71918329]
[0.81009563 2.98918173],[0.96048043 1.91317098],[0.95660642 2.71966971]
[0.81007493 2.9903636 ],[0.96098044 1.91376292],[0.95658235 2.72015633]
[0.81005397 2.99154573],[0.96148034 1.91435497],[0.95655807 2.72064317]
[0.81003275 2.99272812],[0.96198012 1.91494714],[0.95653358 2.72113022]
[0.81001127 2.99391076],[0.96247979 1.91553942],[0.95650888 2.72161747]
[0.80998953 2.99509367],[0.96297935 1.91613181],[0.95648397 2.72210494]
[0.80996753 2.99627683],[0.9634788  1.91672431],[0.95645885 2.72259262]
[0.80994528 2.99746026],[0.96397813 1.91731693],[0.95643352 2.7230805 ]
[0.80992276 2.99864394],[0.96447735 1.91790966],[0.95640798 2.72356859]
[0.80989999 2.99982788],[0.96497646 1.91850251],[0.95638224 2.72405689]
[0.80987697 3.00101207],[0.96547546 1.91909546],[0.95635629 2.7245454 ]
[0.80985368 3.00219652],[0.96597434 1.91968852],[0.95633013 2.72503411]
[0.80983015 3.00338123],[0.96647312 1.9202817 ],[0.95630377 2.72552303]
[0.80980636 3.00456618],[0.96697178 1.92087499],[0.9562772  2.72601216]
[0.80978231 3.0057514 ],[0.96747034 1.92146838],[0.95625043 2.72650148]
[0.80975801 3.00693686],[0.96796878 1.92206189],[0.95622345 2.72699102]
[0.80973346 3.00812258],[0.96846712 1.9226555 ],[0.95619627 2.72748075]
[0.80970866 3.00930856],[0.96896534 1.92324923],[0.95616889 2.72797069]
[0.80968361 3.01049478],[0.96946346 1.92384307],[0.9561413  2.72846084]
[0.8096583  3.01168125],[0.96996147 1.92443701],[0.95611352 2.72895118]
[0.80963274 3.01286798],[0.97045936 1.92503106],[0.95608553 2.72944173]
[0.80960694 3.01405495],[0.97095716 1.92562522],[0.95605734 2.72993247]
[0.80958088 3.01524217],[0.97145484 1.92621949],[0.95602895 2.73042342]
[0.80955458 3.01642964],[0.97195241 1.92681386],[0.95600036 2.73091457]
[0.80952803 3.01761736],[0.97244988 1.92740835],[0.95597157 2.73140592]
[0.80950123 3.01880533],[0.97294724 1.92800294],[0.95594258 2.73189746]
[0.80947419 3.01999355],[0.9734445  1.92859763],[0.95591339 2.73238921]
[0.8094469  3.02118201],[0.97394164 1.92919244],[0.955884   2.73288115]
[0.80941936 3.02237071],[0.97443869 1.92978734],[0.95585442 2.73337329]
[0.80939158 3.02355966],[0.97493562 1.93038236],[0.95582464 2.73386563]
[0.80936355 3.02474886],[0.97543245 1.93097748],[0.95579467 2.73435816]
[0.80933528 3.0259383 ],[0.97592918 1.9315727 ],[0.9557645  2.73485089]
[0.80930677 3.02712798],[0.9764258  1.93216803],[0.95573413 2.73534381]
[0.80927801 3.02831791],[0.97692231 1.93276347],[0.95570357 2.73583693]
[0.80924901 3.02950808],[0.97741873 1.93335901],[0.95567281 2.73633025]
[0.80921977 3.03069849],[0.97791503 1.93395465],[0.95564186 2.73682375]
[0.80919029 3.03188914],[0.97841124 1.9345504 ],[0.95561072 2.73731745]
[0.80916057 3.03308003],[0.97890734 1.93514625],[0.95557938 2.73781135]
[0.8091306  3.03427116],[0.97940333 1.9357422 ],[0.95554785 2.73830543]
[0.8091004  3.03546253],[0.97989923 1.93633826],[0.95551613 2.73879971]
[0.80906996 3.03665415],[0.98039502 1.93693442],[0.95548422 2.73929418]
[0.80903928 3.03784599],[0.98089071 1.93753068],[0.95545212 2.73978884]
[0.80900837 3.03903808],[0.98138629 1.93812704],[0.95541983 2.74028369]
[0.80897721 3.0402304 ],[0.98188178 1.93872351],[0.95538735 2.74077873]
[0.80894582 3.04142296],[0.98237716 1.93932007],[0.95535467 2.74127396]
[0.8089142  3.04261576],[0.98287245 1.93991674],[0.95532181 2.74176938]
[0.80888234 3.04380879],[0.98336763 1.94051351],[0.95528877 2.74226499]
[0.80885024 3.04500206],[0.98386271 1.94111038],[0.95525553 2.74276078]
[0.80881791 3.04619556],[0.98435769 1.94170735],[0.9552221  2.74325677]
[0.80878534 3.0473893 ],[0.98485257 1.94230442],[0.95518849 2.74375294]
[0.80875255 3.04858327],[0.98534735 1.94290158],[0.9551547  2.74424929]
[0.80871952 3.04977747],[0.98584203 1.94349885],[0.95512071 2.74474583]
[0.80868625 3.0509719 ],[0.98633662 1.94409622],[0.95508654 2.74524256]
[0.80865276 3.05216657],[0.9868311  1.94469369],[0.95505219 2.74573947]
[0.80861903 3.05336146],[0.98732548 1.94529125],[0.95501765 2.74623657]
[0.80858508 3.05455659],[0.98781977 1.94588892],[0.95498293 2.74673385]
[0.80855089 3.05575195],[0.98831396 1.94648668],[0.95494803 2.74723132]
[0.80851647 3.05694754],[0.98880805 1.94708454],[0.95491294 2.74772896]
[0.80848183 3.05814335],[0.98930204 1.94768249],[0.95487767 2.74822679]
[0.80844696 3.0593394 ],[0.98979594 1.94828055],[0.95484221 2.7487248 ]
[0.80841186 3.06053567],[0.99028974 1.9488787 ],[0.95480658 2.749223  ]
[0.80837653 3.06173217],[0.99078344 1.94947695],[0.95477076 2.74972137]
[0.80834097 3.06292889],[0.99127704 1.95007529],[0.95473477 2.75021993]
[0.80830519 3.06412585],[0.99177055 1.95067373],[0.95469859 2.75071866]
[0.80826918 3.06532303],[0.99226396 1.95127227],[0.95466223 2.75121758]
[0.80823295 3.06652043],[0.99275728 1.9518709 ],[0.9546257  2.75171668]
[0.80819649 3.06771806],[0.9932505  1.95246963],[0.95458898 2.75221595]
[0.80815981 3.06891591],[0.99374363 1.95306845],[0.95455209 2.7527154 ]
[0.80812291 3.07011399],[0.99423666 1.95366737],[0.95451502 2.75321503]
[0.80808578 3.07131229],[0.9947296  1.95426638],[0.95447777 2.75371484]
[0.80804843 3.07251081],[0.99522244 1.95486549],[0.95444035 2.75421482]
[0.80801086 3.07370955],[0.99571519 1.95546469],[0.95440275 2.75471498]
[0.80797307 3.07490852],[0.99620785 1.95606398],[0.95436497 2.75521532]
[0.80793505 3.07610771],[0.99670041 1.95666337],[0.95432702 2.75571583]
[0.80789682 3.07730711],[0.99719288 1.95726285],[0.95428889 2.75621652]
[0.80785836 3.07850674],[0.99768525 1.95786243],[0.95425059 2.75671738]
[0.80781969 3.07970659],[0.99817753 1.9584621 ],[0.95421211 2.75721842]
[0.80778079 3.08090665],[0.99866972 1.95906185],[0.95417346 2.75771963]
[0.80774168 3.08210694],[0.99916182 1.95966171],[0.95413464 2.75822101]
[0.80770235 3.08330744],[0.99965383 1.96026165],[0.95409564 2.75872257]
[0.8076628  3.08450816],[1.00014574 1.96086169],[0.95405647 2.7592243 ]
[0.80762304 3.08570909],[1.00063756 1.96146181],[0.95401713 2.7597262 ]
[0.80758306 3.08691025],[1.00112929 1.96206203],[0.95397762 2.76022827]
[0.80754287 3.08811161],[1.00162093 1.96266234],[0.95393794 2.76073051]
[0.80750245 3.0893132 ],[1.00211248 1.96326274],[0.95389808 2.76123293]
[0.80746183 3.090515  ],[1.00260394 1.96386323],[0.95385806 2.76173551]
[0.80742099 3.09171701],[1.00309531 1.96446381],[0.95381786 2.76223827]
[0.80737993 3.09291924],[1.00358659 1.96506448],[0.9537775  2.76274119]
[0.80733867 3.09412168],[1.00407778 1.96566524],[0.95373697 2.76324428]
[0.80729719 3.09532433],[1.00456888 1.96626609],[0.95369627 2.76374754]
[0.8072555 3.0965272],[1.00505989 1.96686703],[0.9536554  2.76425097]
[0.80721359 3.09773027],[1.00555081 1.96746806],[0.95361437 2.76475457]
[0.80717148 3.09893356],[1.00604164 1.96806917],[0.95357317 2.76525833]
[0.80712915 3.10013706],[1.00653239 1.96867038],[0.9535318  2.76576226]
[0.80708661 3.10134077],[1.00702304 1.96927167],[0.95349026 2.76626635]
[0.80704387 3.10254469],[1.00751361 1.96987305],[0.95344856 2.76677061]
[0.80700091 3.10374882],[1.00800409 1.97047452],[0.95340669 2.76727504]
[0.80695775 3.10495315],[1.00849448 1.97107608],[0.95336466 2.76777963]
[0.80691438 3.1061577 ],[1.00898479 1.97167772],[0.95332247 2.76828439]
[0.8068708  3.10736245],[1.00947501 1.97227945],[0.95328011 2.76878931]
[0.80682701 3.10856741],[1.00996514 1.97288127],[0.95323759 2.76929439]
[0.80678302 3.10977258],[1.01045518 1.97348317],[0.9531949  2.76979964]
[0.80673882 3.11097795],[1.01094514 1.97408516],[0.95315205 2.77030505]
[0.80669441 3.11218353],[1.01143502 1.97468723],[0.95310904 2.77081062]
[0.8066498  3.11338932],[1.0119248 1.9752894],[0.95306587 2.77131636]
[0.80660498 3.11459531],[1.01241451 1.97589164],[0.95302253 2.77182225]
[0.80655996 3.1158015 ],[1.01290412 1.97649397],[0.95297904 2.77232831]
[0.80651474 3.1170079 ],[1.01339365 1.97709639],[0.95293538 2.77283453]
[0.80646931 3.1182145 ],[1.0138831  1.97769889],[0.95289157 2.7733409 ]
[0.80642368 3.11942131],[1.01437246 1.97830148],[0.95284759 2.77384744]
[0.80637785 3.12062832],[1.01486174 1.97890415],[0.95280345 2.77435414]
[0.80633181 3.12183552],[1.01535093 1.97950691],[0.95275916 2.77486099]
[0.80628557 3.12304293],[1.01584004 1.98010974],[0.95271471 2.77536801]
[0.80623914 3.12425055],[1.01632907 1.98071267],[0.9526701  2.77587518]
[0.8061925  3.12545836],[1.01681801 1.98131567],[0.95262533 2.77638251]
[0.80614566 3.12666637],[1.01730687 1.98191876],[0.9525804 2.77689  ]
[0.80609862 3.12787458],[1.01779565 1.98252193],[0.95253532 2.77739764]
[0.80605139 3.12908299],[1.01828434 1.98312519],[0.95249008 2.77790544]
[0.80600395 3.1302916 ],[1.01877295 1.98372853],[0.95244468 2.7784134 ]
[0.80595632 3.13150041],[1.01926148 1.98433195],[0.95239913 2.77892151]
[0.80590849 3.13270942],[1.01974993 1.98493545],[0.95235343 2.77942978]
[0.80586046 3.13391862],[1.02023829 1.98553903],[0.95230757 2.7799382 ]
[0.80581224 3.13512802],[1.02072658 1.98614269],[0.95226155 2.78044678]
[0.80576381 3.13633761],[1.02121478 1.98674644],[0.95221538 2.78095551]
[0.8057152 3.1375474],[1.0217029  1.98735027],[0.95216906 2.78146439]
[0.80566639 3.13875739],[1.02219094 1.98795417],[0.95212258 2.78197343]
[0.80561738 3.13996757],[1.0226789  1.98855816],[0.95207595 2.78248262]
[0.80556818 3.14117795],[1.02316678 1.98916223],[0.95202917 2.78299196]
[0.80551878 3.14238852],[1.02365458 1.98976638],[0.95198224 2.78350146]
[0.80546919 3.14359928],[1.0241423  1.99037061],[0.95193515 2.78401111]
[0.80541941 3.14481024],[1.02462994 1.99097492],[0.95188792 2.78452091]
[0.80536944 3.14602139],[1.0251175  1.99157931],[0.95184053 2.78503085]
[0.80531927 3.14723273],[1.02560498 1.99218377],[0.95179299 2.78554095]
[0.80526891 3.14844426],[1.02609238 1.99278832],[0.95174531 2.7860512 ]
[0.80521837 3.14965598],[1.0265797  1.99339295],[0.95169747 2.7865616 ]
[0.80516763 3.1508679 ],[1.02706694 1.99399765],[0.95164948 2.78707215]
[0.8051167 3.15208  ],[1.02755411 1.99460243],[0.95160135 2.78758285]
[0.80506558 3.1532923 ],[1.0280412  1.99520729],[0.95155306 2.7880937 ]
[0.80501427 3.15450478],[1.02852821 1.99581223],[0.95150463 2.78860469]
[0.80496277 3.15571746],[1.02901514 1.99641725],[0.95145605 2.78911583]
[0.80491108 3.15693032],[1.02950199 1.99702234],[0.95140732 2.78962712]
[0.80485921 3.15814337],[1.02998877 1.99762751],[0.95135845 2.79013856]
[0.80480715 3.15935661],[1.03047547 1.99823276],[0.95130943 2.79065014]
[0.8047549  3.16057003],[1.03096209 1.99883809],[0.95126026 2.79116187]
[0.80470246 3.16178364],[1.03144864 1.99944349],[0.95121095 2.79167374]
[0.80464984 3.16299744],[1.0319351  2.00004897],[0.95116149 2.79218576]
[0.80459703 3.16421142],[1.0324215  2.00065452],[0.95111189 2.79269793]
[0.80454404 3.16542559],[1.03290782 2.00126015],[0.95106214 2.79321024]
[0.80449086 3.16663994],[1.03339406 2.00186586],[0.95101225 2.79372269]
[0.8044375  3.16785448],[1.03388022 2.00247164],[0.95096221 2.79423529]
[0.80438395 3.1690692 ],[1.03436631 2.0030775 ],[0.95091204 2.79474803]
[0.80433022 3.17028411],[1.03485233 2.00368343],[0.95086171 2.79526092]
[0.80427631 3.1714992 ],[1.03533827 2.00428944],[0.95081125 2.79577395]
[0.80422221 3.17271447],[1.03582413 2.00489552],[0.95076064 2.79628712]
[0.80416793 3.17392992],[1.03630992 2.00550168],[0.95070989 2.79680043]
[0.80411347 3.17514556],[1.03679564 2.00610791],[0.950659   2.79731388]
[0.80405883 3.17636138],[1.03728128 2.00671421],[0.95060797 2.79782748]
[0.80400401 3.17757738],[1.03776685 2.00732059],[0.9505568  2.79834121]
[0.80394901 3.17879355],[1.03825234 2.00792704],[0.95050548 2.79885509]
[0.80389382 3.18000991],[1.03873777 2.00853357],[0.95045403 2.79936911]
[0.80383846 3.18122645],[1.03922311 2.00914017],[0.95040243 2.79988326]
[0.80378292 3.18244317],[1.03970839 2.00974684],[0.9503507  2.80039756]
[0.8037272  3.18366007],[1.04019359 2.01035359],[0.95029883 2.80091199]
[0.8036713  3.18487714],[1.04067872 2.01096041],[0.95024682 2.80142657]
[0.80361522 3.18609439],[1.04116377 2.0115673 ],[0.95019467 2.80194128]
[0.80355897 3.18731182],[1.04164876 2.01217426],[0.95014238 2.80245613]
[0.80350254 3.18852943],[1.04213367 2.0127813 ],[0.95008996 2.80297112]
[0.80344593 3.18974722],[1.04261851 2.0133884 ],[0.95003739 2.80348624]
[0.80338915 3.19096518],[1.04310328 2.01399558],[0.94998469 2.80400151]
[0.80333219 3.19218331],[1.04358797 2.01460283],[0.94993186 2.8045169 ]
[0.80327505 3.19340163],[1.0440726  2.01521015],[0.94987889 2.80503244]
[0.80321774 3.19462011],[1.04455715 2.01581755],[0.94982578 2.80554811]
[0.80316025 3.19583878],[1.04504164 2.01642501],[0.94977254 2.80606392]
[0.80310259 3.19705761],[1.04552605 2.01703254],[0.94971916 2.80657986]
[0.80304476 3.19827662],[1.04601039 2.01764015],[0.94966565 2.80709593]
[0.80298675 3.1994958 ],[1.04649467 2.01824782],[0.949612   2.80761214]
[0.80292857 3.20071516],[1.04697887 2.01885557],[0.94955822 2.80812849]
[0.80287022 3.20193469],[1.047463   2.01946338],[0.9495043  2.80864497]
[0.8028117  3.20315439],[1.04794706 2.02007127],[0.94945025 2.80916158]
[0.802753   3.20437426],[1.04843105 2.02067922],[0.94939607 2.80967832]
[0.80269414 3.20559431],[1.04891498 2.02128725],[0.94934176 2.8101952 ]
[0.8026351  3.20681452],[1.04939883 2.02189534],[0.94928731 2.81071221]
[0.80257589 3.20803491],[1.04988262 2.0225035 ],[0.94923273 2.81122935]
[0.80251651 3.20925546],[1.05036633 2.02311173],[0.94917802 2.81174663]
[0.80245696 3.21047619],[1.05084998 2.02372003],[0.94912318 2.81226403]
[0.80239724 3.21169708],[1.05133356 2.0243284 ],[0.94906821 2.81278157]
[0.80233736 3.21291814],[1.05181707 2.02493683],[0.9490131  2.81329924]
[0.8022773  3.21413937],[1.05230051 2.02554533],[0.94895787 2.81381703]
[0.80221708 3.21536077],[1.05278389 2.02615391],[0.94890251 2.81433496]
[0.80215669 3.21658234],[1.0532672  2.02676254],[0.94884701 2.81485302]
[0.80209613 3.21780408],[1.05375044 2.02737125],[0.94879139 2.8153712 ]
[0.80203541 3.21902598],[1.05423361 2.02798002],[0.94873564 2.81588952]
[0.80197452 3.22024805],[1.05471672 2.02858886],[0.94867976 2.81640796]
[0.80191346 3.22147028],[1.05519976 2.02919777],[0.94862375 2.81692653]
[0.80185224 3.22269268],[1.05568273 2.02980674],[0.94856762 2.81744523]
[0.80179085 3.22391524],[1.05616564 2.03041579],[0.94851135 2.81796406]
[0.8017293  3.22513797],[1.05664848 2.03102489],[0.94845496 2.81848301]
[0.80166758 3.22636087],[1.05713125 2.03163406],[0.94839845 2.81900209]
[0.8016057  3.22758393],[1.05761396 2.0322433 ],[0.9483418 2.8195213]
[0.80154365 3.22880715],[1.0580966  2.03285261],[0.94828503 2.82004064]
[0.80148145 3.23003053],[1.05857917 2.03346198],[0.94822814 2.8205601 ]
[0.80141907 3.23125408],[1.05906169 2.03407141],[0.94817111 2.82107968]
[0.80135654 3.23247779],[1.05954413 2.03468091],[0.94811397 2.82159939]
[0.80129384 3.23370167],[1.06002651 2.03529048],[0.94805669 2.82211923]
[0.80123099 3.2349257 ],[1.06050883 2.03590011],[0.9479993  2.82263919]
[0.80116797 3.2361499 ],[1.06099108 2.0365098 ],[0.94794178 2.82315927]
[0.80110479 3.23737426],[1.06147327 2.03711956],[0.94788413 2.82367948]
[0.80104145 3.23859877],[1.06195539 2.03772939],[0.94782636 2.82419981]
[0.80097795 3.23982345],[1.06243745 2.03833927],[0.94776847 2.82472027]
[0.80091429 3.24104829],[1.06291944 2.03894923],[0.94771046 2.82524085]
[0.80085047 3.24227329],[1.06340137 2.03955924],[0.94765232 2.82576155]
[0.80078649 3.24349844],[1.06388324 2.04016932],[0.94759406 2.82628237]
[0.80072235 3.24472376],[1.06436504 2.04077946],[0.94753568 2.82680332]
[0.80065806 3.24594923],[1.06484678 2.04138967],[0.94747717 2.82732439]
[0.8005936  3.24717486],[1.06532846 2.04199994],[0.94741855 2.82784558]
[0.80052899 3.24840065],[1.06581007 2.04261027],[0.9473598  2.82836689]
[0.80046422 3.2496266 ],[1.06629163 2.04322066],[0.94730094 2.82888832]
[0.8003993 3.2508527],[1.06677312 2.04383112],[0.94724195 2.82940987]
[0.80033421 3.25207896],[1.06725454 2.04444164],[0.94718284 2.82993154]
[0.80026898 3.25330538],[1.06773591 2.04505222],[0.94712361 2.83045333]
[0.80020358 3.25453195],[1.06821721 2.04566286],[0.94706427 2.83097524]
[0.80013804 3.25575867],[1.06869845 2.04627357],[0.9470048  2.83149727]
[0.80007233 3.25698555],[1.06917963 2.04688434],[0.94694522 2.83201942]
[0.80000647 3.25821259],[1.06966075 2.04749516],[0.94688551 2.83254169]
[0.79994046 3.25943978],[1.0701418  2.04810605],[0.94682569 2.83306408]
[0.7998743  3.26066712],[1.0706228 2.048717 ],[0.94676575 2.83358658]
[0.79980798 3.26189462],[1.07110373 2.04932802],[0.9467057 2.8341092]
[0.7997415  3.26312227],[1.07158461 2.04993909],[0.94664552 2.83463194]
[0.79967488 3.26435008],[1.07206542 2.05055022],[0.94658523 2.8351548 ]
[0.7996081  3.26557803],[1.07254617 2.05116141],[0.94652482 2.83567777]
[0.79954117 3.26680614],[1.07302686 2.05177267],[0.9464643  2.83620086]
[0.79947409 3.2680344 ],[1.07350749 2.05238398],[0.94640365 2.83672407]
[0.79940686 3.26926281],[1.07398806 2.05299536],[0.9463429  2.83724739]
[0.79933947 3.27049137],[1.07446858 2.05360679],[0.94628203 2.83777082]
[0.79927194 3.27172008],[1.07494903 2.05421828],[0.94622104 2.83829438]
[0.79920425 3.27294894],[1.07542942 2.05482984],[0.94615993 2.83881804]
[0.79913642 3.27417796],[1.07590976 2.05544145],[0.94609872 2.83934183]
[0.79906844 3.27540712],[1.07639003 2.05605312],[0.94603739 2.83986572]
[0.7990003  3.27663643],[1.07687024 2.05666485],[0.94597594 2.84038973]
[0.79893202 3.27786589],[1.0773504  2.05727664],[0.94591438 2.84091386]
[0.79886359 3.2790955 ],[1.0778305  2.05788849],[0.94585271 2.84143809]
[0.79879502 3.28032525],[1.07831054 2.05850039],[0.94579092 2.84196244]
[0.79872629 3.28155516],[1.07879052 2.05911236],[0.94572902 2.84248691]
[0.79865742 3.28278521],[1.07927044 2.05972438],[0.94566701 2.84301148]
[0.7985884  3.28401541],[1.07975031 2.06033646],[0.94560489 2.84353617]
[0.79851923 3.28524575],[1.08023011 2.0609486 ],[0.94554265 2.84406097]
[0.79844992 3.28647624],[1.08070986 2.06156079],[0.94548031 2.84458588]
[0.79838046 3.28770688],[1.08118955 2.06217305],[0.94541785 2.84511091]
[0.79831086 3.28893766],[1.08166919 2.06278536],[0.94535528 2.84563604]
[0.79824111 3.29016859],[1.08214877 2.06339773],[0.9452926  2.84616129]
[0.79817121 3.29139966],[1.08262829 2.06401015],[0.94522981 2.84668664]
[0.79810117 3.29263088],[1.08310775 2.06462263],[0.9451669  2.84721211]
[0.79803099 3.29386224],[1.08358715 2.06523517],[0.94510389 2.84773768]
[0.79796066 3.29509375],[1.0840665  2.06584777],[0.94504077 2.84826337]
[0.79789019 3.2963254 ],[1.0845458  2.06646042],[0.94497754 2.84878917]
[0.79781958 3.29755719],[1.08502503 2.06707313],[0.9449142  2.84931507]
[0.79774882 3.29878912],[1.08550422 2.06768589],[0.94485075 2.84984108]
[0.79767792 3.3000212 ],[1.08598334 2.06829871],[0.9447872 2.8503672]
[0.79760688 3.30125342],[1.08646241 2.06891159],[0.94472353 2.85089343]
[0.7975357  3.30248578],[1.08694142 2.06952452],[0.94465976 2.85141977]
[0.79746437 3.30371829],[1.08742038 2.07013751],[0.94459588 2.85194622]
[0.79739291 3.30495093],[1.08789928 2.07075055],[0.94453189 2.85247277]
[0.7973213  3.30618372],[1.08837813 2.07136365],[0.9444678  2.85299943]
[0.79724955 3.30741664],[1.08885692 2.0719768 ],[0.94440359 2.8535262 ]
[0.79717767 3.30864971],[1.08933566 2.07259001],[0.94433928 2.85405307]
[0.79710564 3.30988291],[1.08981434 2.07320327],[0.94427487 2.85458005]
[0.79703347 3.31111626],[1.09029297 2.07381658],[0.94421035 2.85510714]
[0.79696117 3.31234974],[1.09077155 2.07442996],[0.94414572 2.85563433]
[0.79688872 3.31358336],[1.09125007 2.07504338],[0.94408099 2.85616163]
[0.79681614 3.31481713],[1.09172853 2.07565686],[0.94401615 2.85668903]
[0.79674342 3.31605103],[1.09220694 2.07627039],[0.94395121 2.85721654]
[0.79667056 3.31728506],[1.0926853  2.07688398],[0.94388616 2.85774415]
[0.79659756 3.31851924],[1.09316361 2.07749762],[0.94382101 2.85827187]
[0.79652443 3.31975355],[1.09364186 2.07811132],[0.94375576 2.85879969]
[0.79645116 3.320988  ],[1.09412005 2.07872506],[0.9436904  2.85932761]
[0.79637775 3.32222259],[1.0945982  2.07933886],[0.94362493 2.85985564]
[0.79630421 3.32345731],[1.09507629 2.07995272],[0.94355937 2.86038377]
[0.79623053 3.32469217],[1.09555432 2.08056663],[0.9434937  2.86091201]
[0.79615672 3.32592716],[1.09603231 2.08118059],[0.94342793 2.86144034]
[0.79608277 3.32716229],[1.09651024 2.0817946 ],[0.94336205 2.86196878]
[0.79600868 3.32839755],[1.09698812 2.08240866],[0.94329607 2.86249733]
[0.79593447 3.32963295],[1.09746595 2.08302278],[0.94322999 2.86302597]
[0.79586011 3.33086848],[1.09794372 2.08363695],[0.94316381 2.86355472]
[0.79578563 3.33210415],[1.09842145 2.08425117],[0.94309753 2.86408356]
[0.795711   3.33333995],[1.09889912 2.08486544],[0.94303115 2.86461251]
[0.79563625 3.33457588],[1.09937674 2.08547977],[0.94296466 2.86514156]
[0.79556136 3.33581195],[1.09985431 2.08609415],[0.94289808 2.86567071]
[0.79548634 3.33704815],[1.10033182 2.08670857],[0.94283139 2.86619996]
[0.79541119 3.33828448],[1.10080929 2.08732305],[0.94276461 2.86672931]
[0.79533591 3.33952094],[1.1012867  2.08793758],[0.94269772 2.86725876]
[0.79526049 3.34075753],[1.10176406 2.08855217],[0.94263074 2.86778831]
[0.79518494 3.34199426],[1.10224137 2.0891668 ],[0.94256365 2.86831796]
[0.79510927 3.34323112],[1.10271864 2.08978148],[0.94249647 2.86884771]
[0.79503346 3.34446811],[1.10319585 2.09039622],[0.94242919 2.86937756]
[0.79495752 3.34570523],[1.10367301 2.091011  ],[0.94236181 2.86990751]
[0.79488145 3.34694247],[1.10415011 2.09162584],[0.94229433 2.87043755]
[0.79480525 3.34817985],[1.10462717 2.09224072],[0.94222675 2.87096769]
[0.79472892 3.34941736],[1.10510418 2.09285566],[0.94215907 2.87149794]
[0.79465246 3.350655  ],[1.10558114 2.09347064],[0.9420913  2.87202827]
[0.79457587 3.35189277],[1.10605805 2.09408568],[0.94202343 2.87255871]
[0.79449916 3.35313066],[1.10653491 2.09470076],[0.94195546 2.87308924]
[0.79442231 3.35436868],[1.10701172 2.09531589],[0.9418874  2.87361987]
[0.79434534 3.35560684],[1.10748848 2.09593108],[0.94181924 2.8741506 ]
[0.79426824 3.35684511],[1.10796519 2.09654631],[0.94175098 2.87468142]
[0.79419101 3.35808352],[1.10844185 2.09716159],[0.94168263 2.87521234]
[0.79411366 3.35932206],[1.10891847 2.09777692],[0.94161418 2.87574335]
[0.79403618 3.36056072],[1.10939503 2.0983923 ],[0.94154564 2.87627446]
[0.79395857 3.3617995 ],[1.10987155 2.09900773],[0.941477   2.87680567]
[0.79388084 3.36303842],[1.11034801 2.09962321],[0.94140826 2.87733697]
[0.79380298 3.36427745],[1.11082443 2.10023874],[0.94133943 2.87786837]
[0.79372499 3.36551662],[1.1113008  2.10085431],[0.94127051 2.87839986]
[0.79364688 3.36675591],[1.11177712 2.10146993],[0.94120149 2.87893144]
[0.79356865 3.36799532],[1.1122534 2.1020856],[0.94113237 2.87946312]
[0.79349029 3.36923486],[1.11272962 2.10270132],[0.94106317 2.87999489]
[0.7934118  3.37047453],[1.1132058  2.10331709],[0.94099387 2.88052676]
[0.79333319 3.37171432],[1.11368193 2.1039329 ],[0.94092447 2.88105872]
[0.79325446 3.37295423],[1.11415801 2.10454876],[0.94085499 2.88159077]
[0.7931756  3.37419426],[1.11463405 2.10516467],[0.94078541 2.88212292]
[0.79309663 3.37543442],[1.11511004 2.10578063],[0.94071573 2.88265516]
[0.79301752 3.37667471],[1.11558598 2.10639663],[0.94064597 2.88318749]
[0.7929383  3.37791511],[1.11606187 2.10701268],[0.94057611 2.88371991]
[0.79285895 3.37915564],[1.11653772 2.10762877],[0.94050616 2.88425242]
[0.79277948 3.38039629],[1.11701352 2.10824492],[0.94043612 2.88478503]
[0.79269989 3.38163706],[1.11748927 2.10886111],[0.94036599 2.88531773]
[0.79262018 3.38287795],[1.11796498 2.10947735],[0.94029576 2.88585052]
[0.79254034 3.38411896],[1.11844064 2.11009363],[0.94022545 2.8863834 ]
[0.79246039 3.3853601 ],[1.11891625 2.11070996],[0.94015504 2.88691637]
[0.79238031 3.38660135],[1.11939182 2.11132633],[0.94008455 2.88744943]
[0.79230012 3.38784273],[1.11986734 2.11194275],[0.94001396 2.88798259]
[0.7922198  3.38908422],[1.12034282 2.11255922],[0.93994328 2.88851583]
[0.79213937 3.39032584],[1.12081825 2.11317574],[0.93987252 2.88904916]
[0.79205881 3.39156757],[1.12129364 2.11379229],[0.93980166 2.88958258]
[0.79197814 3.39280943],[1.12176898 2.1144089 ],[0.93973071 2.89011609]
[0.79189734 3.3940514 ],[1.12224427 2.11502555],[0.93965968 2.8906497 ]
[0.79181643 3.39529349],[1.12271952 2.11564224],[0.93958856 2.89118339]
[0.7917354 3.3965357],[1.12319472 2.11625898],[0.93951734 2.89171716]
[0.79165426 3.39777803],[1.12366988 2.11687577],[0.93944604 2.89225103]
[0.79157299 3.39902047],[1.12414499 2.1174926 ],[0.93937465 2.89278499]
[0.79149161 3.40026304],[1.12462006 2.11810947],[0.93930318 2.89331903]
[0.79141011 3.40150572],[1.12509509 2.11872639],[0.93923161 2.89385316]
[0.79132849 3.40274852],[1.12557007 2.11934335],[0.93915996 2.89438738]
[0.79124675 3.40399143],[1.126045   2.11996036],[0.93908822 2.89492168]
[0.7911649  3.40523446],[1.12651989 2.12057741],[0.93901639 2.89545608]
[0.79108294 3.40647761],[1.12699474 2.12119451],[0.93894448 2.89599056]
[0.79100085 3.40772087],[1.12746954 2.12181165],[0.93887248 2.89652512]
[0.79091865 3.40896425],[1.1279443  2.12242884],[0.93880039 2.89705978]
[0.79083634 3.41020774],[1.12841902 2.12304606],[0.93872821 2.89759452]
[0.79075391 3.41145135],[1.12889369 2.12366334],[0.93865596 2.89812934]
[0.79067137 3.41269507],[1.12936832 2.12428065],[0.93858361 2.89866425]
[0.79058871 3.41393891],[1.1298429  2.12489801],[0.93851118 2.89919925]
[0.79050594 3.41518286],[1.13031744 2.12551541],[0.93843866 2.89973433]
[0.79042305 3.41642693],[1.13079194 2.12613286],[0.93836606 2.9002695 ]
[0.79034005 3.41767111],[1.13126639 2.12675035],[0.93829337 2.90080475]
[0.79025694 3.4189154 ],[1.13174081 2.12736788],[0.9382206  2.90134009]
[0.79017371 3.42015981],[1.13221518 2.12798545],[0.93814775 2.90187551]
[0.79009037 3.42140433],[1.1326895  2.12860307],[0.93807481 2.90241102]
[0.79000692 3.42264896],[1.13316379 2.12922073],[0.93800178 2.90294661]
[0.78992336 3.4238937 ],[1.13363803 2.12983843],[0.93792868 2.90348228]
[0.78983968 3.42513856],[1.13411223 2.13045617],[0.93785549 2.90401804]
[0.78975589 3.42638353],[1.13458638 2.13107396],[0.93778221 2.90455388]
