0.000000000000000000e+00
1.806197839013609641e-02
3.612832385932168711e-02
5.420339922699519974e-02
7.229155879737862722e-02
9.039714411188051746e-02
1.085244797135036104e-01
1.266778689272434755e-01
1.448615896604526221e-01
1.630798902271279882e-01
1.813369852000610849e-01
1.996370512947674702e-01
2.179842232890874809e-01
2.363825899823210619e-01
2.548361901977279631e-01
2.733490088321899880e-01
2.919249729567930940e-01
3.105679479720480640e-01
3.292817338214207301e-01
3.480700612667984029e-01
3.669365882294676195e-01
3.858848962001229510e-01
4.049184867213724281e-01
4.240407779461433657e-01
4.432551012753288000e-01
4.625646980779516415e-01
4.819727164970499245e-01
5.014822083444185896e-01
5.210961260872645218e-01
5.408173199297576783e-01
5.606485349923723271e-01
5.805924085918379163e-01
6.006514676244241180e-01
6.208281260551984371e-01
6.411246825158015694e-01
6.615433180131904400e-01
6.820860937516973754e-01
7.027549490706599400e-01
7.235516994997626128e-01
7.444780349341375558e-01
7.655355179311483793e-01
7.867255821306863295e-01
8.080495308006793165e-01
8.295085355094098389e-01
8.511036349261144052e-01
8.728357337512188119e-01
8.947056017774424053e-01
9.167138730828779947e-01
9.388610453570305214e-01
9.611474793606722411e-01
9.835733985202368412e-01
1.006138888657351682e+00
1.028843897853970457e+00
1.051688236453439451e+00
1.074671577197690020e+00
1.097793455500623905e+00
1.121053269857617218e+00
1.144450282390925944e+00
1.167983619530654105e+00
1.191652272830790560e+00
1.215455099919697135e+00
1.239390825584282263e+00
1.263458042986965291e+00
1.287655215014388510e+00
1.311980675756707626e+00
1.336432632116147712e+00
1.361009165543374699e+00
1.385708233900102559e+00
1.410527673446221764e+00
1.435465200949594289e+00
1.460518415916535861e+00
1.485684802940874460e+00
1.510961734169348869e+00
1.536346471880972286e+00
1.561836171177882093e+00
1.587427882785055866e+00
1.613118555956160716e+00
1.638905041482696667e+00
1.664784094803456460e+00
1.690752379211238887e+00
1.716806469153630443e+00
1.742942853624554145e+00
1.769157939643217325e+00
1.795448055816951438e+00
1.821809455984365167e+00
1.848238322935146671e+00
1.874730772202737095e+00
1.901282855926047732e+00
1.927890566776288006e+00
1.954549841944910327e+00
1.981256567188607987e+00
2.008006580927230722e+00
2.034795678390425522e+00
2.061619615808757633e+00
2.088474114645004320e+00
2.115354865861283518e+00
2.142257534217623771e+00
2.169177762597555681e+00
2.196111176356260852e+00
2.223053387686815263e+00
2.250000000000000000e+00
