x,y,z
0.622262929808305,0.5803148040211866,0.7096798862933463
0.6224385749938648,0.5812719973148894,0.7103689088427972
0.6226155777685235,0.5822309659748675,0.7110608200059846
0.6227939390081201,0.5831917098683118,0.7117556213901762
0.6229736596148798,0.584154228884567,0.7124533146388814
0.623154740517467,0.5851185229351258,0.7131539014319134
0.6233371826710382,0.5860845919536242,0.7138573834854535
0.6235209870572981,0.5870524358958376,0.7145637625521152
0.6237061546845561,0.5880220547396771,0.7152730404210096
0.6238926865877851,0.5889934484851866,0.7159852189178119
0.6240805838286809,0.5899666171545404,0.7167002999048281
0.6242698474957248,0.5909415607920409,0.7174182852810633
0.6244604787042459,0.5919182794641178,0.7181391769822908
0.6246524785964866,0.5928967732593271,0.718862976981121
0.6248458483416683,0.5938770422883508,0.7195896872870728
0.6250405891360599,0.5948590866839973,0.7203193099466448
0.6252367022030467,0.5958429066012025,0.7210518470433877
0.6254341887932023,0.5968285022170307,0.7217873006979769
0.625633050184361,0.5978158737306768,0.7225256730682876
0.6258332876816918,0.5988050213634689,0.7232669663494687
0.6260349026177748,0.5997959453588713,0.7240111827740191
0.6262378963526788,0.6007886459824875,0.7247583246118638
0.62644227027404,0.6017831235220652,0.7255083941704319
0.6266480257971433,0.6027793782875,0.7262613937947339
0.6268551643650044,0.6037774106108406,0.7270173258674416
0.6270636874484542,0.604777220846295,0.7277761928089677
0.627273596546224,0.605778809370236,0.7285379970775461
0.6274848931850335,0.6067821765812077,0.7293027411693137
0.6276975789196794,0.6077873228999331,0.7300704276183926
0.6279116553331257,0.6087942487693212,0.7308410589969729
0.6281271240365968,0.6098029546544752,0.731614637915397
0.6283439866696708,0.610813441042701,0.7323911670222437
0.6285622449003757,0.6118257084435161,0.7331706490044135
0.6287819004252859,0.6128397573886594,0.7339530865872151
0.629002954969622,0.6138555884321003,0.7347384825344521
0.6292254102873509,0.6148732021500499,0.7355268396485101
0.6294492681612884,0.6158925991409715,0.7363181607704455
0.6296745304032032,0.6169137800255915,0.7371124487800745
0.6299011988539224,0.6179367454469115,0.7379097065960625
0.630129275383439,0.6189614960702199,0.7387099371760143
0.6303587618910215,0.619988032583105,0.7395131435165656
0.6305896603053239,0.6210163556954673,0.7403193286534746
0.6308219725844991,0.6220464661395332,0.741128495661714
0.6310557007163125,0.6230783646698681,0.7419406476555643
0.6312908467182582,0.6241120520633913,0.7427557877887073
0.6315274126376769,0.6251475291193896,0.7435739192543203
0.6317654005518749,0.6261847966595326,0.7443950452851706
0.632004812568246,0.6272238555278876,0.7452191691537116
0.6322456508243938,0.6282647065909351,0.7460462941721775
0.6324879174882564,0.6293073507375847,0.746876423692681
0.6327316147582333,0.630351788879191,0.7477095611073095
0.632976744863313,0.6313980219495701,0.7485457098482226
0.6332233100632034,0.6324460509050166,0.7493848733877502
0.6334713126484632,0.6334958767243204,0.7502270552384908
0.6337207549406355,0.6345475004087839,0.7510722589534102
0.6339716392923829,0.6356009229822398,0.7519204881259413
0.6342239680876246,0.6366561454910684,0.7527717463900827
0.6344777437416752,0.6377131690042164,0.7536260374204997
0.6347329687013853,0.6387719946132144,0.7544833649326241
0.6349896454452837,0.6398326234321962,0.7553437326827549
0.6352477764837217,0.6408950565979165,0.7562071444681594
0.6355073643590187,0.6419592952697706,0.7570736041271744
0.6357684116456104,0.6430253406298131,0.7579431155393076
0.6360309209501981,0.644093193882777,0.7588156826253393
0.6362948949118998,0.6451628562560929,0.7596913093474242
0.6365603362024038,0.6462343289999092,0.7605699997091937
0.636827247526123,0.6473076133871104,0.7614517577558577
0.6370956316203521,0.648382710713338,0.762336587574307
0.637365491255426,0.6494596222970093,0.7632244932932156
0.6376368292348801,0.6505383494793374,0.764115479083143
0.6379096483956124,0.6516188936243514,0.7650095491566365
0.6381839516080475,0.6527012561189157,0.7659067077683335
0.6384597417763027,0.65378543837275,0.7668069592150635
0.6387370218383549,0.6548714418184491,0.7677103078359504
0.6390157947662105,0.6559592679115025,0.7686167580125144
0.6392960635660764,0.6570489181303142,0.7695263141687735
0.6395778312785331,0.6581403939762224,0.7704389807713451
0.6398611009787095,0.6592336969735186,0.771354762329547
0.6401458757764596,0.6603288286694675,0.7722736633954985
0.6404321588165407,0.6614257906343255,0.7731956885642206
0.6407199532787936,0.6625245844613604,0.7741208424737361
0.6410092623783252,0.6636252117668697,0.7750491298051693
0.6413000893656916,0.6647276741901995,0.7759805552828445
0.6415924375270843,0.6658319733937625,0.7769151236743852
0.641886310184517,0.6669381110630563,0.7778528397908115
0.6421817106960156,0.6680460889066812,0.7787937084866372
0.6424786424558084,0.669155908656357,0.7797377346599663
0.6427771088945193,0.670267572066941,0.7806849232525884
0.6430771134793623,0.6713810809164436,0.7816352792500738
0.6433786597143374,0.6724964370060451,0.782588807681867
0.6436817511404291,0.6736136421601114,0.7835455136213795
0.643986391335806,0.6747326982262091,0.7845054021860816
0.6442925839160222,0.67585360707512,0.7854684785375933
0.6446003325342204,0.6769763706008556,0.7864347478817734
0.6449096408813375,0.6781009907206705,0.7874042154688079
0.6452205126863105,0.6792274693750755,0.7883768865932967
0.6455329517162852,0.6803558085278494,0.7893527665943393
0.6458469617768262,0.681486010166051,0.7903318608556185
0.6461625467121286,0.6826180763000297,0.7913141748054828
0.6464797104052311,0.6837520089634354,0.7922997139170275
0.6467984567782314,0.6848878102132278,0.7932884837081731
0.6471187897925027,0.6860254821296846,0.7942804897417429
0.6474407134489113,0.6871650268164091,0.7952757376255384
0.6477642317880372,0.6883064464003364,0.7962742330124121
0.6480893488903949,0.689449743031739,0.797275981600339
0.6484160688766567,0.6905949188842307,0.7982809891324854
0.6487443959078766,0.6917419761547705,0.7992892613972755
0.6490743341857165,0.6928909170636641,0.8003008042284561
0.6494058879526735,0.6940417438545652,0.8013156235051575
0.6497390614923091,0.695194458794475,0.8023337251519534
0.6500738591294786,0.6963490641737404,0.8033551151389171
0.6504102852305634,0.6975055623060512,0.8043797994816746
0.650748344203704,0.6986639555284353,0.8054077842414558
0.6510880404990337,0.6998242462012528,0.8064390755251415
0.651429378608915,0.7009864367081888,0.8074736794853079
0.651772363068176,0.702150529456244,0.8085116023202675
0.6521169984543485,0.7033165268757238,0.8095528502741064
0.6524632893879074,0.7044844314202259,0.810597429636718
0.6528112405325114,0.7056542455666259,0.8116453467438334
0.6531608565952438,0.7068259718150615,0.8126966079770473
0.653512142326856,0.7079996126889134,0.8137512197638402
0.6538651025220102,0.7091751707347862,0.814809188577596
0.654219742019525,0.7103526485224851,0.8158705209376157
0.6545760657026198,0.7115320486449923,0.8169352234091265
0.6549340784991621,0.7127133737184396,0.8180033026032858
0.655293785381914,0.7138966263820797,0.8190747651771809
0.6556551913687804,0.715081809298255,0.820149617833823
0.6560183015230577,0.716268925152363,0.8212278673221366
0.656383120953683,0.71745797665282,0.822309520436943
0.6567496548154835,0.7186489665310221,0.8233945840189388
0.6571179083094276,0.7198418975413029,0.8244830649546676
0.6574878866828747,0.7210367724608888,0.8255749701764867
0.6578595952298271,0.7222335940898509,0.8266703066625272
0.6582330392911807,0.723432365251054,0.8277690814366472
0.6586082242549771,0.7246330887901031,0.8288713015683794
0.6589851555566549,0.7258357675752851,0.8299769741728708
0.6593638386793015,0.7270404044975087,0.8310861064108157
0.6597442791539045,0.7282470024702399,0.8321987054883815
0.6601264825596038,0.7294555644294337,0.8333147786571267
0.6605104545239421,0.7306660933334632,0.8344343332139108
0.6608962007231161,0.7318785921630434,0.8355573765007969
0.6612837268822267,0.733093063921152,0.8366839159049447
0.6616730387755292,0.7343095116329457,0.8378139588584963
0.662064142226682,0.7355279383456722,0.8389475128384516
0.662457043108995,0.7367483471285782,0.8400845853665355
0.6628517473456772,0.7379707410728122,0.8412251840090552
0.6632482609100827,0.7391951232913236,0.8423693163767475
0.6636465898259563,0.7404214969187559,0.8435169901246163
0.6640467401676767,0.7416498651113356,0.8446682129517595
0.6644487180604994,0.7428802310467558,0.8458229926011847
0.6648525296807971,0.7441125979240548,0.8469813368596141
0.6652581812562985,0.7453469689634886,0.8481432535572784
0.6656656790663258,0.7465833474063983,0.8493087505676975
0.6660750294420288,0.7478217365150717,0.8504778358074503
0.6664862387666183,0.7490621395725985,0.8516505172359309
0.6668993134755957,0.7503045598827199,0.8528268028550924
0.6673142600569809,0.7515490007696718,0.8540067007091768
0.6677310850515363,0.7527954655780207,0.8551902188844317
0.6681497950529891,0.7540439576724937,0.8563773655088117
0.6685703967082492,0.7552944804378013,0.8575681487516662
0.6689928967176245,0.7565470372784533,0.858762576823411
0.6694173018350315,0.7578016316185665,0.8599606579751852
0.669843618868203,0.7590582669016658,0.8611624004984915
0.6702718546788912,0.760316946590477,0.8623678127248195
0.6707020161830661,0.7615776741667114,0.8635769030252533
0.6711341103511098,0.7628404531308428,0.8647896798100589
0.6715681442080054,0.764105287001875,0.8660061515282569
0.6720041248335207,0.7653721793171011,0.8672263266671731
0.6724420593623869,0.766641133631854,0.8684502137519724
0.6728819549844707,0.7679121535192469,0.869677821345171
0.6733238189449408,0.7691852425699046,0.8709091580461296
0.673767658544428,0.7704604043916851,0.8721442324905242
0.6742134811391783,0.7717376426093903,0.8733830533497965
0.6746612941411988,0.7730169608644673,0.8746256293305811
0.6751111050183962,0.7742983628146981,0.8758719691741098
0.6755629212947077,0.7755818521338786,0.8771220816555926
0.6760167505502234,0.7768674325114859,0.8783759755835738
0.6764726004212999,0.7781551076523342,0.8796336597992637
0.6769304786006655,0.7794448812762184,0.8808951431758432
0.677390392837515,0.7807367571175451,0.8821604346177435
0.6778523509375957,0.7820307389249517,0.8834295430598972
0.6783163607632816,0.7833268304609109,0.8847024774669611
0.6787824302336384,0.7846250355013228,0.8859792468325108
0.6792505673244756,0.7859253578350928,0.8872598601782052
0.6797207800683882,0.7872278012636947,0.8885443265529195
0.6801930765547846,0.7885323696007198,0.8898326550318474
0.6806674649299027,0.7898390666714102,0.8911248547155707
0.6811439533968122,0.7911478963121767,0.8924209347290947
0.6816225502154023,0.7924588623701009,0.89372090422085
0.6821032637023556,0.7937719687024203,0.8950247723616584
0.6825861022311063,0.7950872191759969,0.8963325483436618
0.6830710742317818,0.7964046176667681,0.8976442413792146
0.6835581881911291,0.7977241680591796,0.8989598606997367
0.6840474526524228,0.7990458742455997,0.9002794155545268
0.6845388762153554,0.8003697401257153,0.9016029152095353
0.6850324675359086,0.8016957696059073,0.9029303689460945
0.6855282353262059,0.8030239665986066,0.9042617860596058
0.6860261883543436,0.8043543350216296,0.9055971758581829
0.6865263354442017,0.8056868787974916,0.906936547661248
0.6870286854752324,0.8070216018526994,0.9082799107980821
0.6875332473822258,0.8083585081170209,0.9096272746063266
0.688040030155051,0.8096976015227312,0.9109786484304344
0.6885490428383745,0.8110388860038357,0.9123340416200705
0.6890602945313503,0.8123823654952688,0.91369346352846
0.6895737943872854,0.8137280439320668,0.9150569235106815
0.6900895516132762,0.8150759252485156,0.9164244309219047
0.6906075754698171,0.8164260133772717,0.9177959951155717
0.6911278752703778,0.8177783122484562,0.9191716254415182
0.691650460380951,0.8191328257887202,0.9205513312440351
0.6921753402195667,0.8204895579202817,0.9219351218598675
0.6927025242557735,0.8218485125599336,0.9233230066161496
0.6932320220100846,0.8232096936180203,0.9247149948282746
0.6937638430533883,0.8245731049973833,0.9261110957976959
0.6942979970063208,0.8259387505922752,0.9275113188096599
0.6948344935385994,0.8273066342872399,0.9289156731308669
0.6953733423683164,0.82867675995596,0.9303241680070586
0.6959145532611904,0.830049131460068,0.931736812660531
0.6964581360297749,0.8314237526479228,0.9331536162875682
0.6970041005326204,0.8328006273533491,0.9345745880557987
0.6975524566733917,0.8341797593943392,0.9359997371014686
0.6981032143999356,0.8355611525717151,0.9374290725266309
0.6986563837032984,0.8369448106677525,0.9388626033962494
0.6992119746166922,0.838330737444762,0.9403003387352128
0.699769997214406,0.8397189366436297,0.941742287525259
0.7003304616106628,0.8411094119823139,0.9431884587018049
0.7008933779584168,0.8425021671542977,0.944638861150681
0.701458756448092,0.8438972058269961,0.9460935037047671
0.7020266073062581,0.8452945316401168,0.9475523951405269
0.7025969407942426,0.8466941482039722,0.9490155441744391
0.7031697672066757,0.8480960590977428,0.9504829594593214
0.7037450968699662,0.8495002678676905,0.9519546495805453
0.704322940140707,0.8509067780253193,0.9534306230521391
0.7049033074040051,0.8523155930454831,0.9549108883127752
0.7054862090717369,0.8537267163644392,0.9563954537216396
0.7060716555807226,0.8551401513778458,0.9578843275541803
0.7066596573908202,0.8565559014387023,0.9593775179977313
0.7072502249829332,0.85797396985523,0.9608750331470093
0.7078433688569324,0.8593943598886938,0.9623768809994798
0.7084390995294856,0.8608170747511613,0.96388306945059
0.7090374275317941,0.8622421176031986,0.9653936062888632
0.7096383634072326,0.8636694915515014,0.9669084991908543
0.7102419177088883,0.86509919964646,0.9684277557159606
0.710848100996997,0.8665312448796554,0.9699513833010857
0.7114569238362719,0.8679656301812869,0.971479389255152
0.712068396793122,0.8694023584175277,0.9730117807534604
0.7126825304327562,0.8708414323878073,0.9745485648318906
0.7132993353161704,0.8722828548220205,0.9760897483809411
0.7139188219970115,0.8737266283776589,0.9776353381396043
0.714541001018317,0.8751727556368655,0.9791853406890728
0.7151658829091246,0.8766212391034088,0.9807397624462738
0.715793478180949,0.8780720811995772,0.9822986096572283
0.716423797324119,0.8795252842629885,0.9838618883902307
0.7170568508039754,0.8809808505433165,0.9854296045288466
0.7176926490569204,0.8824387821989311,0.987001763764724
0.7183312024863174,0.8838990812934501,0.9885783715902151
0.7189725214582356,0.8853617497922026,0.9901594332908061
0.7196166162970354,0.8868267895586014,0.9917449539373511
0.7202634972807891,0.8882942023504227,0.9933349383781065
0.7209131746365336,0.8897639898159931,0.9949293912305651
0.7215656585353499,0.8912361534902817,0.996528316873085
0.722220959087265,0.8927106947908956,0.9981317194363118
0.7228790863359712,0.8941876150139793,0.9997396027943932
0.723540050253359,0.8956669153300154,1.0013519705559812
0.7242038607338591,0.8971485967795281,1.0029688260550238
0.7248705275885884,0.8986326602686859,1.0045901723413433
0.7255400605392968,0.9001191065648066,1.0062160121710002
0.7262124692121099,0.9016079362917615,1.0078463479964448
0.7268877631310648,0.9030991499252815,1.0094811819564553
0.7275659517114343,0.9045927477881645,1.0111205158658647
0.728247044252837,0.9060887300453851,1.0127643512050792
0.7289310499321302,0.907587096699109,1.0144126891093896
0.7296179777960838,0.9090878475836124,1.0160655303580832
0.7303078367538328,0.9105909823601113,1.0177228753633587
0.7310006355691069,0.9120965005115018,1.019384724159053
0.7316963828522384,0.9136044013370171,1.0210510763891887
0.7323950870519477,0.9151146839468048,1.0227219312963516
0.7330967564469083,0.9166273472564317,1.0243972877099132
0.733801399137095,0.9181423899813221,1.026077144034111
0.7345090230349186,0.9196598106311392,1.0277614982360062
0.7352196358561548,0.921179607504118,1.0294503478333392
0.7359332451106739,0.9227017786813625,1.0311436898823085
0.736649858092983,0.9242263220211203,1.0328415209652997
0.7373694818725937,0.9257532351530506,1.0345438371786009
0.7380921232842308,0.9272825154725034,1.036250634120141
0.7388177889179037,0.928814160134831,1.0379619068772965
0.7395464851088628,0.9303481660497578,1.039677650014819
0.7402782179274711,0.9318845298758346,1.0413978575629421
0.7410129931690256,0.933423248015011,1.043122523005737
0.741750816343569,0.9349643166073638,1.0448516392697957
0.7424916926657413,0.9365077315260241,1.0465851987133326
0.7432356270447282,0.9380534883723529,1.0483231931158092
0.7439826240743733,0.9396015824714233,1.0500656136682018
0.7447326880235354,0.9411520088678739,1.05181245096405
0.7454858228267813,0.9427047623222102,1.0535636949914455
0.7462420320755243,0.9442598373076416,1.055319335126141
0.7470013190097347,0.9458172280075526,1.0570793601259925
0.7477636865103707,0.9473769283137263,1.0588437581269714
0.7485291370927022,0.9489389318254503,1.0606125166410265
0.7492976729007276,0.9505032318496602,1.062385622556111
0.7500692957029201,0.9520698214022953,1.0641630621387428
0.7508440068895731,0.9536386932110698,1.0659448210395173
0.7516218074720626,0.9552098397198915,1.067730884302055
0.7524026980843949,0.9567832530951977,1.069521236375943
0.753186678987464,0.9583589252345146,1.071315861134304
0.7539737500765162,0.959936847777595,1.0731147418967304
0.7547639108923909,0.9615170121205405,1.074917861458419
0.7555571606372016,0.9630994094333722,1.0767252021264717
0.7563534981952167,0.9646840306815823,1.07853674576446
0.7571529221598173,0.9662708666522707,1.0803524738465027
0.7579554308675335,0.967859907985555,1.0821723675222803
0.7587610224403007,0.9694511452120279,1.0839964076945863
0.7595696948372311,0.9710445687971327,1.0858245751112166
0.7603814459173518,0.9726401691934244,1.0876568504731992
0.7611962735149278,0.974237936901781,1.0894932145615663
0.762014175529146,0.9758378625427173,1.0913336483850642
0.7628351500300776,0.977439936939032,1.093178133351347
0.7636591953829475,0.9790441512110541,1.0950266514643072
0.7644863103927826,0.9806504968857638,1.0968791855501931
0.7653164944714745,0.9822589660209817,1.0987357195150422
0.7661497478291149,0.9838695513456627,1.1005962386356294
0.7669860716911132,0.9854822464170313,1.102460729885556
0.767825468542027,0.9870970457948492,1.1043291822972003
0.768667942396179,0.9887139452324606,1.1062015873589714
0.7695134990939662,0.9903329418834148,1.108077939445597
0.7703621466212821,0.9919540345214172,1.1099582362770566
0.771213895447707,0.9935772237701349,1.1118424793992938
0.7720687588771828,0.9952025123380851,1.113730674677184
0.772926753402959,0.99682990525257,1.1156228327876452
0.7737878990569188,0.9984594100855884,1.1175189696986283
0.7746522197422742,1.0000910371640397,1.119419107118405
0.7755197435383239,1.001724799756529,1.1213232728994635
0.776390502966713,1.0033607142297982,1.123231501382679
0.7772645352104478,1.0049988001692591,1.1251438336702637
0.7781418822796703,1.0066390804601604,1.1270603178200824
0.7790225911215447,1.0082815813283263,1.1289810089587524
0.7799067136751137,1.009926332341861,1.1309059693158903
0.780794306875182,1.0115733663773774,1.132835268186287
0.7816854326118119,1.013222719555962,1.134768981830191
0.7825801576536489,1.0148744311550773,1.1367071933239699
0.783478553544009,1.016528543502947,1.1386499923742106
0.7843806964785457,1.0181851018617432,1.1405974751079493
0.7852866671725871,1.019844154305257,1.1425497438505288
0.7861965507251143,1.0215057515958559,1.1445069069008618
0.7871104364850517,1.023169947064549,1.1464690783119558
0.7880284179242344,1.0248367964970295,1.14843637768265
0.7889505925202079,1.026506358027689,1.1504089299647826
0.7898770616509806,1.0281786920428728,1.152386865288529
0.7908079305029972,1.0298538610940533,1.1543703188074654
0.7917433079929473,1.0315319298211483,1.1563594305639897
0.7926833067035293,1.033212964885887,1.1583543453750624
0.7936280428329486,1.0348970349149014,1.1603552127377648
0.7945776361577008,1.0365842104520757,1.1623621867538665
0.7955322100080489,1.0382745639196074,1.1643754260724228
0.7964918912555381,1.0399681695871983,1.1663950938493326
0.7974568103118672,1.0416651035487896,1.168421357722778
0.7984271011384467,1.0433654437062754,1.1704543898034936
0.7994029012660118,1.0450692697596582,1.1724943666788707
0.8003843518237019,1.046776663203157,1.1745414694299823
0.8013715975770807,1.0484877073268157,1.1765958836606965
0.8023647869746221,1.0502024872232107,1.1786577995381393
0.8033640722022563,1.0519210897988989,1.1807274118438544
0.8043696092456197,1.0536436037902905,1.1828049200350903
0.8053815579597153,1.0553701197836718,1.1848905283157327
0.8064000821457353,1.0571007302391373,1.1869844457164662
0.8074253496348514,1.0588355295182266,1.1890868861838237
0.8084575323788187,1.060574613915091,1.1911980686778436
0.8094968065472811,1.0623180816910396,1.1933182172781074
0.8105433526317006,1.0640660331123428,1.1954475612979882
0.8115973555558693,1.0658185704911858,1.1975863354069785
0.8126590047929872,1.0675757982296912,1.1997347797610114
0.8137284944893219,1.0693378228669377,1.2018931401407233
0.8148060235944826,1.0711047531289222,1.2040616680976373
0.8158917959983678,1.0728766999814199,1.2062406211082735
0.8169860206748595,1.074653776685708,1.2084302627362173
0.8180889118323538,1.0764360988571262,1.2106308628021938
0.8192006890712302,1.0782237845264526,1.2128426975622135
0.8203215775483719,1.0800169542040776,1.2150660498938664
0.8214518081488543,1.0818157309469592,1.2173012094908482
0.8225916176649272,1.083620240428343,1.2195484730658066
0.823741248982411,1.085430611010229,1.221808144561595
0.8249009512746297,1.0872469738185606,1.2240805353710145
0.826070980203993,1.0890694628211064,1.2263659645651166
0.8272515981313294,1.0908982149079915,1.2286647591301172
0.8284430743330555,1.0927333699748272,1.230977254212954
0.8296456852262437,1.094575071008367,1.2333037933754856
0.8308597146016212,1.096423464174599,1.2356447288572894
0.8320854538644943,1.0982786989091586,1.2380004218469678
0.8333232022835467,1.100140928009918,1.2403712427618083
0.8345732672474012,1.102010307731567,1.2427575715355668
0.8358359645287639,1.1038869978819692,1.2451597979140532
0.8371116185558849,1.1057711619200108,1.24757832175809
0.8384005626909662,1.1076629670546174,1.2500135533532781
0.839703139515023,1.1095625843445305,1.2524659137258514
0.84101970111856,1.111470188798363,1.2549358349637154
0.8423506093972456,1.1133859594743516,1.2574237605415433
0.8436962363515608,1.1153100795791164,1.2599301456485406
0.8450569643891501,1.1172427365646005,1.2624554575171871
0.8464331866283116,1.1191841222222165,1.2650001757508942
0.8478253072007126,1.1211344327730426,1.2675647926480917
0.8492337415510122,1.1230938689527001,1.2701498135197526
0.8506589167305821,1.1250626360893041,1.2727557569967696
0.8521012716819496,1.1270409441725873,1.275383155322894
0.8535612575099072,1.1290290079119638,1.2780325546281295
0.8550393377344366,1.1310270467809078,1.2807045151764924
0.8565359885196517,1.133035285044561,1.2833996115809179
0.8580516988718488,1.1350539517669465,1.2861184329767297
0.8595869707984402,1.1370832807935345,1.2888615831435157
0.8611423194179852,1.1391235107041702,1.291629680563367
0.8627182730096982,1.1411748847305003,1.2944233584012308
0.8643153729886277,1.143237650631024,1.2972432643905207
0.8659341737901307,1.1453120605156915,1.3000900606040362
0.8675752426442025,1.1473983706105721,1.3029644230866035
0.8692391592166082,1.1494968409514552,1.3058670413215383
0.870926515089463,1.151607734993298,1.308798617497922
0.8726379130488112,1.1537313191201424,1.3117598655396443
0.8743739661407007,1.1558678620374097,1.3147515098499942
0.8761352964500514,1.1580176340252917,1.3177742837170887
0.877922533548065,1.1601809060281818,1.3208289273153435
0.8797363125437441,1.16235794855064,1.323916185226221
0.881577271662975,1.1645490303251198,1.3270368033872733
0.8834460492642164,1.1667544167104755,1.330191525361614
0.8853432801826661,1.1689743677729127,1.3333810877998842
0.8872695912743439,1.1712091359923829,1.3366062149429518
0.8892255960072161,1.173458963527172,1.3398676119852773
0.8912118879175566,1.175724078957361,1.343165957085305
0.8932290327153869,1.1780046934136155,1.3465018917694367
0.8952775587820689,1.1803009959810415,1.3498760094290487
0.8973579457548754,1.182613148248267,1.353288841554417
0.8994706108364099,1.1849412778490256,1.3567408412839763
0.9016158923997913,1.1872854708169571,1.3602323637706477
0.9037940303822058,1.189645762543662,1.3637636427775846
0.9060051428684707,1.1920221270949605,1.3673347628122592
0.9082491981615746,1.19441446460062,1.3709456259893298
0.9105259815181774,1.1968225863886592,1.3745959126787601
0.9128350555940921,1.1992461974872768,1.3782850348469449
0.9151757134997097,1.201684876066848,1.3820120808377176
0.9175469232125409,1.2041380493437608,1.3857757501726748
0.9199472619417809,1.206604965421391,1.3895742767864234
0.9223748389021781,1.2090846605080043,1.3934053389692231
0.924827204854165,1.2115759209372712,1.3972659541940826
0.9273012467391198,1.2140772394398265,1.4011523569989226
0.9297930658346412,1.216586765196209,1.4050598582376206
0.9322978381494172,1.2191022473736912,1.4089826843932123
0.9348096563742613,1.2216209721540436,1.4129137963816274
0.937321353743617,1.2241396937507227,1.4168446885233676
0.9398243118164409,1.2266545606593535,1.4207651703230453
0.9423082566661359,1.229161039460702,1.4246631366070308
0.9447610514994254,1.2316538399756765,1.42852433567305
0.9471684984963222,1.2341268475110454,1.4323321506057813
0.9495141687558036,1.236573070329169,1.4360674158726574
0.9517792864716514,1.2389846132094766,1.4397082995003978
0.9539427012332389,1.241352690741676,1.4432302897951284
0.9559809893567768,1.2436676962313424,1.4466063331858727
0.9578687292472058,1.2459193429145132,1.4498071738443885
0.9595789939335326,1.2480968923805764,1.4528019427987753
0.9610840925798737,1.2501894794021207,1.4555590303546282
0.9623565689284003,1.2521865318091616,1.458047247488747
0.9633704274421181,1.2540782686645668,1.4602372388132803
0.9641025107139825,1.255856241554655,1.4621030558684929
0.9645339032992921,1.2575138661403693,1.4636237452364669
0.9646512010612182,1.2590468796338723,1.464784766823949
0.9644474759647114,1.2604536599163214,1.4655790499929209
0.9639227934995367,1.2617353564569014,1.466007529198604
0.9630842022094099,1.262895810395173,1.46607907403968
0.9619451982355517,1.26394127473713,1.4658098245467814
0.9605247501939308,1.2648799765989802,1.4652220356047247
0.958846029417001,1.2657215837661902,1.4643426002180613
0.9569350148279634,1.2664766435051484,1.4632014460648852
0.9548191302871861,1.2671560535852673,1.4618299840561257
0.9525260352697625,1.2677706085752865,1.460259743562818
0.950082641717673,1.2683306446241713,1.4585212733684438
0.9475143839058919,1.2688457880603017,1.4566433350051675
0.9448447323726215,1.2693248000418655,1.4546523749879807
0.9420949202784795,1.2697755018527246,1.4525722375253427
0.9392838399465956,1.2702047625134554,1.4504240681177625
0.9364280657778511,1.2706185307854698,1.448226357459896
0.9335419638130957,1.2710218959749993,1.4459950802779198
0.9306378550268309,1.2714191650687656,1.4437438918606416
0.927726206941042,1.2718139469071252,1.441484353788313
0.9248158351276623,1.2722092369113973,1.439226168388938
0.9219141020446442,1.2726074981614763,1.436977408141976
0.9190271052632545,1.2730107363500087,1.4347447314552384
0.9161598505682552,1.2734205673812258,1.4325335800724472
0.9133164078309439,1.2738382772272474,1.4303483560502286
0.9105000491794407,1.274264874196216,1.4281925780244373
0.9077133700199763,1.2747011340879342,1.4260690175975295
0.904958394065044,1.2751476388809118,1.4239798173138287
0.9022366638314653,1.2756048096610917,1.4219265919985513
0.8995493181831518,1.2760729345043813,1.4199105153316558
0.8968971584815649,1.2765521919886995,1.4179323934896042
0.8942807048219581,1.2770426709543587,1.4159927275729476
0.8917002437095523,1.2775443870658592,1.4140917663829193
0.8891558683892591,1.2780572966608872,1.412229550940346
0.8866475128995017,1.2785813083077786,1.4104059519703318
0.8841749807835136,1.279116292433283,1.4086207014151932
0.8817379692648101,1.2796620893291837,1.4068734188906933
0.8793360895794449,1.2802185157994608,1.4051636338687172
0.8769688840567551,1.2807853706690258,1.4034908042534655
0.8746358404521825,1.2813624393401235,1.4018543319173464
0.8723364039595626,1.2819494975527332,1.4002535756758316
0.8700699872648532,1.2825463144800646,1.398687862106164
0.8678359789474062,1.283152655268957,1.3971564945515031
0.8656337504873812,1.28376828311708,1.3956587605983994
0.8634626620976208,1.2843929609638036,1.3941939382700959
0.8613220675642307,1.2850264528590165,1.392761301139843
0.8592113182513351,1.2856685250636395,1.3913601225361403
0.8571297664011961,1.2863189469267697,1.3899896789846464
0.8550767678404197,1.286977491577034,1.3886492530086465
0.8530516841857226,1.2876439364595769,1.3873381353907424
0.8510538846281964,1.288318063744973,1.3860556269822761
0.8490827473627586,1.2889996606320555,1.384801040133398
0.8471376607191524,1.2896885195630634,1.38357369980526
0.8452180240421505,1.2903844383665066,1.3823729444161879
0.8433232483612694,1.2910872203406356,1.381198126465589
0.8414527568841005,1.2917966742882985,1.3800486129725165
0.8396059853421238,1.292512614512204,1.3789237857600622
0.8377823822134401,1.2932348607781372,1.3778230416118937
0.8359814088431142,1.2939632382524302,1.376745792323149
0.8342025394786482,1.2946975774189544,1.3756914646644478
0.8324452612354187,1.29543771398003,1.3746595002748436
0.8307090740046368,1.296183488744911,1.3736493554970735
0.8289934903144556,1.296934747508897,1.3726605011663635
0.8272980351532149,1.297691340925595,1.3716924223622762
0.8256222457624179,1.2984531243744335,1.3707446181315843
0.8239656714058563,1.2992199578251529,1.3698166011888824
0.8223278731202909,1.2999917057007002,1.3689078976005655
0.820708423452245,1.300768236739692,1.3680180464568952
0.8191069061847381,1.3015494238593934,1.367146599536087
0.8175229160571699,1.3023351440199846,1.366293120963707
0.8159560584810397,1.3031252780907268,1.3654571868700949
0.8144059492537384,1.303919710718516,1.3646383850480654
0.8128722142722681,1.3047183301992071,1.3638363146127357
0.8113544892484218,1.3055210283519956,1.3630505856649835
0.8098524194266826,1.3063277003970792,1.3622808189597568
0.8083656593058625,1.3071382448367497,1.3615266455802104
0.8068938723653074,1.3079525633400206,1.3607877066184373
0.8054367307963253,1.3087705606308524,1.3600636528633907
0.803993915239349,1.3095921443799994,1.3593541444964452
0.8025651145272296,1.3104172251004784,1.3586588507949238
0.8011500254349484,1.3112457160466309,1.3579774498438106
0.799748352435957,1.3120775331167358,1.3573096282557897
0.7983598074652744,1.3129125947591134,1.3566550808996691
0.796984109689418,1.3137508218816478,1.3560135106371989
0.7956209852831898,1.3145921377646494,1.3553846280682365
0.794270167213298,1.3154364679769688,1.3547681512841758
0.7929313950287632,1.3162837402952696,1.354163805629522
0.791604414658025,1.3171338846263656,1.3535713234714684
0.7902889782126469,1.3179868329325226,1.352990443977312
0.7889848437974953,1.3188425191596282,1.3524209128995257
0.7876917753272563,1.3197008791681268,1.3518624823682959
0.7864095423491414,1.320561850666624,1.3513149106913225
0.7851379198716254,1.32142537314806,1.3507779621606737
0.7838766881990539,1.3222913878283593,1.350251406866483
0.7826256327719522,1.3231598375874563,1.3497350205172765
0.7813845440128673,1.3240306669126103,1.3492285842667127
0.7801532171775716,1.324903821843917,1.3487318845465255
0.7789314522114571,1.3257792499219299,1.348244712905456
0.777719053610952,1.3266569001373052,1.347766865853966
0.7765158302897899,1.3275367228823918,1.3472981447145298
0.7753215954499684,1.328418669904684,1.346838355477301
0.7741361664572327,1.329302694262062,1.3463873086609612
0.7729593647209271,1.3301887502797456,1.3459448191785612
0.7717910155780574,1.3310767935088919,1.3455107062081644
0.770630948181415,1.331966780686768,1.3450847930681178
0.7694789953916136,1.332858669698434,1.3446669070967747
0.7683349936728973,1.33375241953987,1.3442568795364997
0.7671987829925813,1.3346479902824955,1.3438545454217952
0.7660702067239911,1.335545343039013,1.3434597434713897
0.7649491115527715,1.3364444399305284,1.3430723159841396
0.7638353473864393,1.3373452440548927,1.3426921087385963
0.7627287672670612,1.3382477194562126,1.3423189708961
0.7616292272869379,1.339151831095485,1.3419527549072634
0.7605365865071864,1.3400575448223073,1.3415933164217173
0.759450706879109,1.3409648273476178,1.3412405142009933
0.7583714531682494,1.3418736462174277,1.3408942100344232
0.7572986928810336,1.3427839697875004,1.3405542686579413
0.7562322961939023,1.3436957671989411,1.3402205576756796
0.7551721358848431,1.3446090083546607,1.3398929474842518
0.7541180872672343,1.345523663896676,1.3395713111996224
0.7530700281259172,1.3464397051842163,1.3392555245864675
0.7520278386554169,1.3473571042725996,1.338945465989935
0.7509914014002342,1.3482758338928524,1.3386410162697138
0.7499606011971363,1.3491958674320403,1.3383420587363304
0.7489353251193754,1.3501171789142832,1.3380484790895926
0.7479154624227714,1.3510397429824266,1.3377601653591014
0.7469009044935913,1.3519635348803467,1.3374770078467624
0.745891544798169,1.352888530435861,1.3371988990712245
0.7448872788342072,1.353814706044225,1.3369257337141813
0.7438880040837071,1.3547420386521885,1.3366574085684741
0.7428936199674762,1.355670505742597,1.3363938224879355
0.7419040278011649,1.3566000853195106,1.3361348763389205
0.7409191307527901,1.3575307558938259,1.3358804729534715
0.7399388338017003,1.3584624964693832,1.3356305170840694
0.7389630436989468,1.359395286529539,1.3353849153599244
0.737991668929024,1.3603291060241884,1.335143576244764
0.7370246196729462,1.3612639353572238,1.3349064099960803
0.7360618077726326,1.362199755374412,1.3346733286258003
0.735103146696574,1.3631365473516788,1.3344442458623462
0.7341485515067581,1.3640742929837857,1.3342190771140583
0.7331979388268361,1.3650129743733883,1.3339977394339546
0.7322512268115141,1.3659525740204632,1.3337801514858052
0.7313083351171575,1.3668930748120938,1.3335662335115046
0.7303691848736031,1.3678344600126042,1.3333559072997283
0.7294336986571746,1.3687767132540334,1.3331490961558636
0.7285018004649038,1.3697198185269384,1.3329457248732126
0.7275734156899663,1.370663760171522,1.332745719705464
0.7266484710983416,1.3716085228690758,1.3325490083404428
0.7257268948067197,1.3725540916337335,1.3323555198751476
0.7248086162616771,1.3735004518045295,1.332165184792093
0.7238935662201567,1.3744475890377563,1.3319779349369822
0.7229816767312905,1.3753954892996196,1.331793703497741
0.7220728811196171,1.376344138859188,1.3316124249849512
0.7211671139697489,1.3772935242816333,1.3314340352137366
0.7202643111125623,1.3782436324217644,1.3312584712871516
0.7193644096129882,1.3791944504178513,1.3310856715811477
0.7184673477594975,1.3801459656857429,1.330915575731192
0.7175730650553869,1.3810981659132804,1.3307481246206314
0.7166815022119857,1.3820510390550085,1.3305832603709047
0.715792601143919,1.3830045733271907,1.3304209263337197
0.7149063049665781,1.383958757203131,1.3302610670853259
0.7140225579959663,1.3849135794088117,1.3301036284230294
0.7131413057511008,1.3858690289188484,1.3299485573641048
0.7122624949591717,1.3868250949527763,1.3297958021472764
0.7113860735636642,1.3877817669716659,1.3296453122369511
0.710511990735666,1.3887390346750812,1.3294970383303861
0.7096401968885797,1.3896968879983784,1.3293509323679842
0.708770643696459,1.3906553171103497,1.329206947546895
0.7079032841161644,1.3916143124112075,1.3290650383380873
0.7070380724135056,1.392573864530899,1.3289251605070196
0.7061749641934784,1.3935339643277345,1.3287872711379882
0.7053139164346203,1.3944946028872967,1.328651328662146
0.7044548875273906,1.39545577152159,1.3285172928890785
0.7035978373163191,1.3964174617683662,1.3283851250416747
0.7027427271454589,1.3973796653905406,1.328254787793835
0.7018895199064193,1.398342374375592,1.3281262453103246
0.7010381800879419,1.3993055809348092,1.3279994632877976
0.7001886738256324,1.4002692775022183,1.3278744089956995
0.6993409689500814,1.4012334567330034,1.327751051315419
0.6984950350312337,1.4021981115012092,1.327629360775729
0.6976508434165432,1.4031632348965093,1.3275093095822823
0.6968083672602239,1.4041288202198283,1.327390871638733
0.6959675815408463,1.405094860977635,1.3272740225570308
0.6951284630646765,1.406061350874774,1.3271587396545836
0.6942909904525566,1.4070282838057746,1.327045001936384
0.6934551441087745,1.407995653844671,1.3269327900607935
0.6926209061712388,1.408963455233463,1.326822086288493
0.6917882604432766,1.4099316823694517,1.3267128744150167
0.6909571923084001,1.4109003297917655,1.3266051396882168
0.6901276886303196,1.4118693921674508,1.326498868712838
0.6892997376412064,1.4128388642775283,1.3263940493450201
0.6884733288216638,1.4138087410034064,1.3262906705799207
0.6876484527760078,1.4147790173139996,1.3261887224357594
0.6868251011063292,1.4157496882538387,1.3260881958374267
0.686003266288445,1.4167207489323812,1.3259890825024496
0.6851829415523389,1.417692194514647,1.3258913748316226
0.6843641207691067,1.4186640202132341,1.3257950658060638
0.6835467983458293,1.4196362212816998,1.3257001488919196
0.6827309691292597,1.420608793009244,1.3256066179534394
0.681916628318733,1.4215817307165968,1.3255144671747225
0.6811037713883387,1.4225550297529874,1.3254236909901012
0.6802923940180999,1.423528685494062,1.3253342840228663
0.6794824920337093,1.4245026933406169,1.3252462410318742
0.6786740613542317,1.4254770487180133,1.325159556865452
0.6778670979471169,1.426451747076157,1.3250742264219688
0.6770615977898313,1.427426783889929,1.3249902446164152
0.6762575568374254,1.4284021546599692,1.3249076063523442
0.6754549709953731,1.4293778549137317,1.324826306498557
0.6746538360970655,1.4303538802067348,1.3247463398699557
0.6738541478853842,1.431330226123947,1.3246677012120323
0.6730559019978326,1.4323068882812566,1.3245903851885155
0.6722590939547572,1.433283862326985,1.324514386371744
0.6714637191502387,1.434261143943406,1.324439699235385
0.6706697728452824,1.4352387288482484,1.3243663181491607
0.6698772501629812,1.436216612796157,1.3242942373752844
0.6690861460853645,1.4371947915800978,1.324223451066352
0.668296455451682,1.4381732610326934,1.3241539532644613
0.6675081729579043,1.4391520170274825,1.3240857379013626
0.6667212931572513,1.4401310554800923,1.324018798799475
0.6659358104615831,1.4411103723493253,1.3239531296736191
0.6651517191435118,1.442089963638154,1.323888724133343
0.6643690133391105,1.4430698253946264,1.3238255756857322
0.6635876870511138,1.4440499537126796,1.3237636777386097
0.6628077341525186,1.4450303447328654,1.323703023604049
0.6620291483905053,1.4460109946429875,1.3236436065021293
0.6612519233906133,1.4469918996786562,1.3235854195648764
0.6604760526611114,1.44797305612376,1.3235284558403388
0.6597015295975135,1.4489544603108604,1.323472708296757
0.6589283474871979,1.4499361086215108,1.3234181698267893
0.6581564995140926,1.4509179974865059,1.3233648332517656
0.6573859787633964,1.451900123386062,1.3233126913259412
0.6566167782263087,1.4528824828499345,1.3232617367407313
0.6558488908047465,1.4538650724574749,1.3232119621289056
0.6550823093160293,1.4548478888376315,1.32316336006873
0.6543170264975158,1.455830928668896,1.3231159230880432
0.6535530350111797,1.4568141886792012,1.3230696436682552
0.6527903274481136,1.4577976656457714,1.3230245142482642
0.6520288963329512,1.4587813563949295,1.3229805272282795
0.6512687341282015,1.4597652578018638,1.3229376749735509
0.6505098332384882,1.4607493667903575,1.3228959498179962
0.6497521860146903,1.4617336803324816,1.322855344067727
0.6489957847579801,1.4627181954482582,1.3228158500044698
0.6482406217237556,1.4637029092052918,1.3227774598888782
0.647486689125466,1.464687818718374,1.3227401659637423
0.646733979138329,1.4656729211490638,1.322703960457089
0.6459824839029389,1.4666582137052433,1.3226688355851755
0.6452321955287663,1.4676436936406534,1.3226347835553784
0.6444831060975488,1.4686293582544108,1.3226017965689785
0.6437352076665737,1.469615204890506,1.322569866823841
0.6429884922718547,1.4706012309372873,1.3225389865169968
0.6422429519312023,1.4715874338269304,1.3225091478471214
0.6414985786471903,1.4725738110348943,1.3224803430169192
0.6407553644100205,1.473560360079368,1.3224525642354101
0.6400133012002863,1.474547078520706,1.322425803720124
0.6392723809916384,1.4755339639608553,1.3224000536992042
0.6385325957533533,1.476521014042776,1.3223753064134225
0.6377939374528083,1.4775082264498547,1.322351554118107
0.6370563980578642,1.4784955989053137,1.322328789084988
0.6363199695391573,1.4794831291716146,1.32230700360396
0.6355846438723052,1.4804708150498602,1.3222861899847673
0.6348504130400265,1.481458654379193,1.3222663405586115
0.6341172690341778,1.4824466450361922,1.3222474476796846
0.6333852038577095,1.4834347849342704,1.3222295037266318
0.6326542095265445,1.4844230720230698,1.3222125011039436
0.6319242780713797,1.4854115042878595,1.3221964322432813
0.6311954015394149,1.4864000797489334,1.3221812896047376
0.6304675719960089,1.4873887964610106,1.3221670656780353
0.6297407815262683,1.4883776525126384,1.3221537529836656
0.6290150222365681,1.4893666460255979,1.3221413440739676
0.6282902862560085,1.4903557751543142,1.322129831534154
0.6275665657378088,1.4913450380852693,1.3221192079832824
0.6268438528606421,1.492334433036422,1.3221094660751742
0.6261221398299115,1.493323958256631,1.3221005984992873
0.6254014188789707,1.4943136120250844,1.3220925979815394
0.6246816822702923,1.495303392650737,1.3220854572850884
0.6239629222965838,1.4962932984717532,1.3220791692110694
0.6232451312818558,1.4972833278549562,1.3220737265992923
0.6225283015824431,1.498273479195289,1.3220691223289016
0.6218124255879828,1.4992637509152802,1.3220653493190002
0.6210974957223493,1.5002541414645219,1.322062400529241
0.6203835044445519,1.5012446493191565,1.3220602689603878
0.6196704442495947,1.5022352729813746,1.3220589476548477
0.6189583076693033,1.5032260109789257,1.3220584296971793
0.6182470872731204,1.50421686186464,1.3220587082145787
0.6175367756688739,1.5052078242159668,1.3220597763773458
0.6168273655035202,1.5061988966345248,1.3220616273993355
0.6161188494638665,1.5071900777456724,1.3220642545383972
0.6154112202772759,1.508181366198094,1.3220676510968057
0.6147044707123592,1.509172760663408,1.3220718104216893
0.6139985935796586,1.5101642598357952,1.3220767259054587
0.6132935817323267,1.5111558624316543,1.3220823909862425
0.6125894280668089,1.5121475671892828,1.3220887991483359
0.6118861255235329,1.5131393728685893,1.3220959439226692
0.6111836670876128,1.5141312782508407,1.3221038188873013
0.6104820457895763,1.515123282138446,1.3221124176679513
0.6097812547061218,1.5161153833547842,1.3221217339385714
0.6090812869609156,1.5171075807440804,1.322131761421977
0.6083821357254386,1.5180998731713333,1.322142493890542
0.6076837942198937,1.5190922595223066,1.3221539251669714
0.6069862557141845,1.5200847387035827,1.3221660491251663
0.6062895135289781,1.521077309642693,1.322178859691193
0.6055935610368628,1.522069971288328,1.3221923508443707
0.6048983916636129,1.5230627226106348,1.322206516618491
0.6042039988895688,1.524055562601608,1.3222213511031804
0.6035103762511397,1.5250484902755792,1.3222368484454137
0.6028175173424314,1.5260415046698066,1.3222530028511839
0.602125415816994,1.5270346048451613,1.322269808587322
0.6014340653896761,1.5280277898869046,1.3222872599834556
0.6007434598385613,1.5290210589055422,1.3223053514340797
0.6000535930069464,1.5300144110377314,1.322324077400696
0.5993644588053105,1.5310078454472125,1.3223434324139633
0.5986760512132024,1.5320013613257206,1.322363411075784
0.5979883642809661,1.5329949578938311,1.3223840080612292
0.597301392131212,1.5339886344016835,1.3224052181202066
0.5966151289599438,1.5349823901295279,1.3224270360787624
0.5959295690372565,1.5359762243880453,1.3224494568399243
0.5952447067075433,1.5369701365184008,1.3224724753840091
0.594560536389176,1.537964125892007,1.3224960867683528
0.5938770525736575,1.5389581919099962,1.322520286126456
0.5931942498242794,1.5399523340024173,1.3225450686665778
0.5925121227743494,1.540946551627194,1.3225704296698457
0.5918306661250736,1.541940844268893,1.3225963644879728
0.5911498746431901,1.542935211437358,1.32262286854069
0.5904697431584524,1.5439296526662645,1.3226499373130005
0.5897902665610525,1.5449241675116512,1.3226775663523576
0.5891114397990612,1.5459187555504679,1.3227057512658513
0.5884332578759451,1.5469134163791767,1.3227344877174751
0.587755715848205,1.547908149612432,1.3227637714255187
0.5870788088231635,1.5489029548818543,1.3227935981601247
0.5864025319569198,1.5498978318349048,1.3228239637410242
0.5857268804524732,1.5508927801338672,1.3228548640354625
0.5850518495580174,1.5518877994549292,1.3228862949563085
0.5843774345653961,1.5528828894873636,1.3229182524603469
0.583703630808711,1.5538780499328,1.3229507325467367
0.5830304336630681,1.5548732805045773,1.3229837312556263
0.5823578385434517,1.5558685809271746,1.3230172446669104
0.5816858409037126,1.5568639509357058,1.323051268899114
0.5810144362356574,1.5578593902754752,1.3230858001083907
0.5803436200682288,1.5588548987015836,1.3231208344876224
0.5796733879667654,1.5598504759785818,1.3231563682656096
0.5790037355323321,1.5608461218801633,1.3231923977063396
0.5783346584011134,1.5618418361888902,1.3232289191083257
0.5776661522438603,1.5628376186959514,1.3232659288040076
0.5769982127653864,1.5638334692009457,1.3233034231592056
0.5763308357041056,1.5648293875116877,1.3233413985726232
0.575664016831608,1.5658253734440333,1.3233798514753914
0.5749977519522681,1.5668214268217227,1.3234187783306497
0.574332036902883,1.5678175474762372,1.3234581756331605
0.573666867552336,1.56881373524667,1.3234980399089522
0.5730022398012833,1.5698099899796067,1.3235383677149877
0.5723381495818616,1.5708063115290172,1.3235791556388565
0.5716745928574138,1.5718026997561536,1.3236204002984873
0.5710115656222317,1.5727991545294584,1.3236620983418774
0.5703490639013119,1.5737956757244764,1.3237042464468411
0.5696870837501278,1.574792263223774,1.32374684132077
0.5690256212544113,1.5757889169168622,1.3237898797004086
0.5683646725299466,1.576785636700125,1.3238333583516417
0.5677042337223742,1.5777824224767503,1.3238772740692923
0.5670443010070039,1.5787792741566662,1.3239216236769293
0.5663848705886358,1.5797761916564776,1.3239664040266859
0.5657259387013905,1.580773174899408,1.3240116119990846
0.5650675016085449,1.5817702238152422,1.3240572445028715
0.5644095556023762,1.5827673383402714,1.3241032984748577
0.5637520970040114,1.5837645184172406,1.3241497708797663
0.5630951221632835,1.5847617639952978,1.3241966587100873
0.5624386274585924,1.5857590750299437,1.3242439589859378
0.561782609296772,1.586756451482985,1.3242916687549282
0.5611270641129622,1.587753893322487,1.3243397850920333
0.5604719883704855,1.5887514005227281,1.3243883050994687
0.5598173785607287,1.5897489730641565,1.3244372259065729
0.5591632312030288,1.5907466109333463,1.3244865446696927
0.5585095428445637,1.5917443141229561,1.3245362585720752
0.5578563100602467,1.5927420826316876,1.324586364823762
0.5572035294526262,1.5937399164642454,1.3246368606614891
0.556551197651788,1.594737815631298,1.324687743348592
0.5558993113152633,1.5957357801494392,1.3247390101749121
0.5552478671279398,1.5967338100411503,1.3247906584567108
0.5545968618019774,1.5977319053347638,1.3248426855365845
0.5539462920767276,1.598730066064426,1.3248950887833857
0.5532961547186572,1.599728292270062,1.3249478655921478
0.5526464465212763,1.6007265839973406,1.3250010133840138
0.5519971643050698,1.60172494129764,1.3250545296061682
0.5513483049174345,1.6027233642280128,1.3251084117317748
0.5506998652326187,1.6037218528511534,1.3251626572599173
0.5500518421516682,1.604720407235364,1.3252172637155446
0.5494042326023754,1.6057190274545214,1.3252722286494198
0.5487570335392332,1.6067177135880446,1.3253275496380748
0.5481102419433951,1.6077164657208611,1.3253832242837673
0.5474638548226382,1.6087152839433752,1.3254392502144439
0.5468178692113329,1.6097141683514329,1.3254956250837064
0.5461722821704177,1.6107131190462904,1.3255523465707841
0.5455270907873787,1.6117121361345792,1.3256094123805096
0.544882292176236,1.612711219728271,1.3256668202432988
0.544237883477535,1.6137103699446422,1.3257245679151384
0.5435938618583451,1.6147095869062382,1.3257826531775747
0.5429502245122642,1.6157088707408336,1.32584107383771
0.5423069686594301,1.6167082215813933,1.3258998277282028
0.5416640915465395,1.6177076395660297,1.325958912707274
0.5410215904468739,1.6187071248379588,1.3260183266587169
0.5403794626603341,1.619706677545452,1.3260780674919141
0.539737705513482,1.6207062978417854,1.3261381331418582
0.539096316359592,1.6217059858851846,1.3261985215691783
0.5384552925787107,1.6227057418387645,1.3262592307601715
0.5378146315777265,1.6237055658704647,1.32632025872684
0.5371743307904489,1.6247054581529774,1.3263816035069322
0.5365343876776981,1.625705418863669,1.3264432631639902
0.5358947997274058,1.6267054481844923,1.326505235787399
0.5352555644547267,1.62770554630189,1.3265675194924433
0.5346166794021621,1.6287057134066871,1.326630112420366
0.5339781421396957,1.6297059496939712,1.3266930127384298
0.5333399502649421,1.630706255362957,1.3267562186399822
0.5327021014033071,1.6317066306168369,1.3268197283445218
0.5320645932081631,1.6327070756626112,1.3268835400977652
0.5314274233610368,1.6337075907108984,1.3269476521717123
0.5307905895718104,1.6347081759757216,1.3270120628647102
0.5301540895789372,1.635708831674267,1.327076770501512
0.5295179211496697,1.6367095580266138,1.3271417734333302
0.528882082080301,1.6377103552554277,1.3272070700378775
0.5282465701964182,1.638711223585617,1.3272726587193981
0.5276113833531666,1.639712163243943,1.3273385379086797
0.5269765194355234,1.640713174458585,1.3274047060630445
0.5263419763585778,1.641714257458645,1.327471161666313
0.5257077520678158,1.642715412473596,1.3275379032287342
0.5250738445394044,1.6437166397326595,1.3276049292868728
0.5244402517804713,1.6447179394641072,1.3276722384034487
0.5238069718293735,1.6457193118944817,1.327739829167115
0.5231740027559472,1.6467207572477258,1.3278077001921638
0.5225413426617294,1.6477222757442134,1.3278758501181502
0.5219089896801402,1.6487238675996767,1.3279442776094164
0.5212769419766132,1.6497255330240235,1.3280129813545034
0.5206451977486565,1.6507272722200397,1.3280819600654343
0.5200137552258283,1.6517290853819764,1.328151212476852
0.5193826126696076,1.6527309726940251,1.3282207373449955
0.518751768373136,1.6537329343286857,1.3282905334465014
0.5181212206608099,1.654734970445042,1.3283605995770182
0.5174909678877001,1.6557370811869652,1.3284309345496248
0.516861008438775,1.656739266681272,1.328501537193053
0.5162313407279114,1.657741527035878,1.3285724063497224
0.5156019631966775,1.6587438623379913,1.3286435408736
0.5149728743128832,1.6597462726524035,1.32871493962792
0.5143440725689014,1.6607487580199398,1.3287866014828007
0.5137155564797777,1.6617513184561346,1.328858525312815
0.5130873245811577,1.6627539539501992,1.3289307099945815
0.5124593754270755,1.6637566644643405,1.3290031544044498
0.5118317075876602,1.6647594499334777,1.3290758574163553
0.5112043196468229,1.665762310265392,1.329148817899921
0.5105772101999968,1.6667652453413155,1.3292220347188721
0.5099503778519958,1.6677682550169497,1.3292955067298147
0.5093238212150568,1.6687713391238785,1.3293692327814088
0.5086975389071158,1.6697744974713227,1.3294432117139519
0.508071529550355,1.6707777298481659,1.3295174423593588
0.5074457917700428,1.6717810360251781,1.329591923541512
0.5068203241936707,1.672784415757358,1.329666654076936
0.5061951254503779,1.6737878687863166,1.3297416327757459
0.5055701941706425,1.6747913948426414,1.3298168584428063
0.5049455289862107,1.6757949936481782,1.3298923298790462
0.5043211285302286,1.676798664918194,1.3299680458828713
0.5036969914375418,1.677802408363385,1.330044005251625
0.5030731163451259,1.678806223691711,1.3301202067830535
0.5024495018926156,1.6798101106100478,1.330196649276745
0.5018261467229019,1.6808140688256537,1.3302733315355098
0.5012030494827714,1.6818180980474533,1.3303502523666875
0.500580208823566,1.6828221979871503,1.3304274105833656
0.49995762340184663,1.6838263683601766,1.3305048050055006
0.4993352918800446,1.6848306088864948,1.33058243446094
0.49871321292709236,1.6858349192912643,1.330660297786343
0.4980913852190246,1.6868392993053878,1.3307383938280042
0.49746980743954466,1.687843748665951,1.3308167214425806
0.49684847828055334,1.6888482671165674,1.3308952794977311
0.496227396442637,1.689852854407642,1.330974066872672
0.4956065606355156,1.690857510296563,1.331053082458653
0.49498596957845004,1.6918622345478318,1.3311323251593652
0.4943656220006102,1.6928670269331425,1.3312117938912809
0.49374551664140465,1.6938718872314142,1.3312914875839363
0.49312565225077426,1.6948768152287874,1.3313714051801606
0.4925060275894513,1.6958818107185871,1.3314515456362561
0.491886641429186,1.696886873501261,1.3315319079221364
0.49126749255294333,1.697892003384294,1.3316124910214253
0.4906485797550713,1.6988972001821052,1.331693293931523
0.49002990184144346,1.6999024637159315,1.331774315663639
0.48941145762957716,1.700907793813697,1.3318555552428015
0.4887932459487301,1.7019131903098748,1.3319370117078408
0.48817526563997604,1.7029186530453415,1.332018684111352
0.48755751555626253,1.7039241818672257,1.33210057151964
0.4869399945624511,1.7049297766287532,1.3321826730126478
0.48632270153534235,1.7059354371890891,1.3322649876838715
0.48570563536368694,1.7069411634131795,1.3323475146402612
0.4850887949481836,1.7079469551715913,1.3324302530021144
0.4844721792014654,1.708952812340354,1.3325132019029564
0.48385578704807614,1.7099587348007999,1.3325963604894169
0.48323961742443633,1.7109647224394091,1.3326797279210965
0.4826236692788013,1.7119707751476534,1.3327633033704298
0.4820079415712112,1.7129768928218438,1.3328470860225425
0.4813924332734341,1.7139830753629803,1.3329310750751056
0.4807771433689031,1.7149893226766046,1.3330152697381854
0.48016207085264734,1.7159956346726555,1.333099669234092
0.47954721473121853,1.717002011265327,1.3331842727972245
0.47893257402261263,1.7180084523729307,1.3332690796739168
0.47831814775618786,1.7190149579177598,1.3333540891222802
0.477703934972579,1.7200215278259579,1.3334393004120464
0.4770899347236089,1.7210281620273897,1.333524712824411
0.47647614607219674,1.7220348604555162,1.3336103256518748
0.47586256809226457,1.723041623047272,1.333696138198088
0.4752491998686414,1.7240484497429467,1.3337821497776936
0.4746360404969655,1.7250553404860687,1.3338683597161707
0.4740230890835854,1.726062295223293,1.3339547673496805
0.4734103447454596,1.7270693139042914,1.3340413720249122
0.47279780661005505,1.7280763964816461,1.3341281730989305
0.4721854738152448,1.7290835429107456,1.334215169939024
0.47157334550920504,1.7300907531496845,1.334302361922555
0.47096142085031173,1.7310980271591652,1.3343897484368117
0.4703496990070364,1.7321053649024027,1.3344773288788603
0.4697381791578421,1.7331127663450332,1.3345651026553995
0.4691268604910791,1.7341202314550228,1.334653069182617
0.46851574220488024,1.7351277602025814,1.3347412278860467
0.46790482350705664,1.7361353525600773,1.3348295782004271
0.4672941036149936,1.737143008501956,1.334918119569563
0.466683581755546,1.7381507280046593,1.3350068514461868
0.4660732571649349,1.7391585110465495,1.335095773291822
0.4654631290886438,1.740166357607833,1.3351848845766487
0.46485319678131504,1.741174267670489,1.3352741847793694
0.46424345950664725,1.7421822412181995,1.3353636733870766
0.4636339165372926,1.7431902782362807,1.335453349895121
0.46302456715475476,1.7441983787116193,1.335543213806982
0.4624154106492872,1.745206542632609,1.3356332646341378
0.46180644631979184,1.7462147699890918,1.335723501895936
0.46119767347371843,1.7472230607722994,1.3358139251194665
0.4605890914269641,1.748231414974801,1.335904533839433
0.45998069950377357,1.7492398325904515,1.3359953275980256
0.45937249703664007,1.750248313614344,1.3360863059447923
0.45876448336620645,1.751256858042767,1.336177468436511
0.4581566578411672,1.7522654658731638,1.3362688146370614
0.45754901981817103,1.753274137104099,1.3363603441172933
0.45694156866172425,1.7542828717352272,1.3364520564548974
0.4563343037440952,1.75529166976727,1.336543951234271
0.4557272244452198,1.7563005312019968,1.3366360280463843
0.45512033015260817,1.757309456042214,1.3367282864886438
0.45451362026125336,1.75831844429176,1.336820726164754
0.4539070941735419,1.7593274959555094,1.336913346684577
0.4533007512991668,1.7603366110393828,1.3370061476639916
0.45269459105504356,1.7613457895503661,1.3370991287247502
0.4520886128652298,1.762355031496537,1.3371922894943375
