x,y,z
2.6850654444493354,2.653175381813777,0.9044363095242208
2.6851180364200067,2.6539901657948533,0.905412298079916
2.6851701842420823,2.6548045250591943,0.9063884595927525
2.6852218877224945,2.655618459250087,0.9073647939936348
2.685273146663686,2.6564319680064594,0.9083413012140195
2.6853239608635953,2.657245050962862,0.9093179811859098
2.685374330115639,2.658057707749447,0.9102948338418502
2.685424254208698,2.6588699379919514,0.9112718591149205
2.685473732927097,2.659681741311675,0.9122490569387304
2.68552276605059,2.660493117325463,0.9132264272474137
2.685571353354342,2.6613040656456817,0.9142039699756224
2.685619494608911,2.662114585880201,0.9151816850585213
2.685667189580229,2.6629246776323723,0.9161595724317821
2.6857144380295828,2.663734340501005,0.917137632031578
2.6857612397135964,2.664543574080347,0.9181158637945772
2.6858075943842095,2.6653523779600605,0.9190942676579377
2.6858535017886584,2.6661607517252,0.9200728435593011
2.685898961669455,2.6669686949561884,0.9210515914367873
2.685943973764366,2.667776207228794,0.9220305112289878
2.685988537806391,2.668583288114106,0.9230096028749608
2.6860326535237413,2.669389937178509,0.9239888663142243
2.6860763206398173,2.670196153983659,0.9249683014867507
2.686119538873185,2.6710019380864587,0.9259479083329608
2.6861623079375536,2.67180728903903,0.9269276867937176
2.6862046275417515,2.672612206388688,0.9279076368103204
2.686246497389701,2.673416689677915,0.9288877583244987
2.686287917180396,2.6742207384443315,0.9298680512784058
2.686328886607874,2.6750243522206705,0.9308485156146131
2.686369405361191,2.6758275305347476,0.9318291512761039
2.6864094731243964,2.6766302729094327,0.9328099582062667
2.686449089576506,2.6774325788626205,0.9337909363488893
2.6864882543914725,2.678234447907201,0.9347720856481527
2.6865269672381604,2.6790358795510283,0.9357534060486243
2.686565227780316,2.679836873296891,0.936734897495252
2.686603035676538,2.68063742864248,0.9377165599333571
2.686640390580249,2.6814375450803563,0.9386983933086288
2.6866772921396653,2.682237222097918,0.9396803975671169
2.6867137399977645,2.683036459177369,0.9406625726552255
2.686749733792256,2.6838352557956826,0.9416449185197064
2.6867852731555484,2.68463361142457,0.9426274351076529
2.6868203577147156,2.6854315255304426,0.9436101223664922
2.6868549870914658,2.6862289975743785,0.9445929802439793
2.6868891609021057,2.6870260270120854,0.9455760086881901
2.6869228787575072,2.6878226132938634,0.9465592076475146
2.686956140263071,2.6886187558645687,0.9475425770706494
2.686988945018691,2.6894144541635745,0.9485261169065917
2.6870212926187182,2.6902097076247324,0.9495098271046316
2.687053182651923,2.6910045156763323,0.9504937076143453
2.687084614701457,2.6917988777410633,0.9514777583855876
2.6871155883448132,2.692592793235972,0.9524619793684851
2.687146103153789,2.6933862615724204,0.9534463705134288
2.687176158694443,2.694179282156045,0.9544309317710666
2.6872057545270556,2.694971854386711,0.9554156630922961
2.687234890206086,2.695763977658471,0.9564005644282569
2.68726356528013,2.6965556513595184,0.9573856357303233
2.6872917792918765,2.6973468748721428,0.9583708769500965
2.6873195317780625,2.698137647572683,0.9593562880393968
2.687346822269428,2.6989279688314793,0.9603418689502561
2.6873736502906693,2.699717838012827,0.9613276196349099
2.6874000153603927,2.7005072544749247,0.9623135400457892
2.687425916991066,2.701296217569827,0.9632996301355127
2.687451354688969,2.7020847266433927,0.9642858898568787
2.687476327954144,2.7028727810352313,0.9652723191628567
2.6875008362803445,2.703660380078653,0.9662589180065794
2.6875248791549833,2.704447523100613,0.9672456863413338
2.6875484560590794,2.7052342094216577,0.9682326241205532
2.687571566467204,2.7060204383558677,0.9692197312978087
2.6875942098474246,2.7068062092108023,0.9702070078268001
2.6876163856612494,2.7075915212874406,0.9711944536613475
2.68763809336357,2.708376373880123,0.9721820687553819
2.687659332402602,2.7091607662764914,0.973169853062937
2.687680102219825,2.7099446977574257,0.9741578065381394
2.6877004022499227,2.710728167596984,0.9751459291351998
2.6877202319207196,2.7115111750623373,0.9761342208084034
2.687739590653118,2.7122937194137053,0.9771226815121008
2.687758477861033,2.7130757999042894,0.978111311200698
2.687776892951326,2.7138574157802053,0.9791001098286471
2.687794835323737,2.714638566280415,0.9800890773504364
2.6878123043708158,2.7154192506366552,0.98107821372058
2.687829299477852,2.7161994680733668,0.9820675188936085
2.687845820022803,2.716979217807621,0.9830569928240583
2.6878618653762185,2.717758499049046,0.9840466354664612
2.6878774349011696,2.718537310999749,0.9850364467753341
2.687892527953169,2.7193156528542404,0.986026426705168
2.6879071438800928,2.720093523799354,0.987016575210418
2.687921282022103,2.720870923014166,0.9880068922454913
2.687934941711563,2.721647849669913,0.9889973777647368
2.687948122272958,2.722424302929907,0.9899880317224337
2.687960823022805,2.723200281949451,0.9909788540727794
2.6879730432695697,2.7239757858757505,0.9919698447698791
2.6879847823135767,2.724750813847823,0.992961003767733
2.6879960394469173,2.7255253649964084,0.9939523310202245
2.688006813953359,2.7262994384438746,0.9949438264811084
2.688017105108248,2.7270730333041224,0.995935490103998
2.688026912178415,2.727846148682488,0.9969273218423529
2.6880362344220727,2.7286187836756444,0.9979193216494664
2.6880450710887187,2.7293909373714986,0.998911489478452
2.6880534214190286,2.7301626088490885,0.9999038252822305
2.6880612846447507,2.7309337971784764,1.0008963290135167
2.688068659988599,2.731704501420642,1.0018890006248056
2.68807554666414,2.7324747206273696,1.0028818400683586
2.6880819438756833,2.7332444538411367,1.0038748472961894
2.6880878508181616,2.7340137000949976,1.0048680222600495
2.688093266677014,2.734782458412465,1.0058613649114139
2.6880981906280654,2.735550727807389,1.0068548752014659
2.688102621837401,2.7363185072838347,1.0078485530810823
2.6881065594612403,2.7370857958359545,1.008842398500818
2.688110002645807,2.737852592447859,1.0098364114108895
2.6881129505271963,2.7386188960934863,1.0108305917611604
2.688115402231239,2.739384705736465,1.011824939501124
2.688117356873361,2.740150020329978,1.012819454579887
2.688118813558444,2.7409148388166185,1.0138141369461524
2.688119771380676,2.7416791601282484,1.014808986548203
2.6881202294234057,2.7424429831858492,1.0158040033338833
2.6881201867589866,2.74320630689937,1.0167991872505815
2.688119642448624,2.743969130167575,1.0177945382452114
2.6881185955422127,2.744731451877882,1.0187900562641938
2.688117045078175,2.7454932709062048,1.0197857412534377
2.6881149900832932,2.7462545861167844,1.0207815931583204
2.6881124295725374,2.7470153963620216,1.0217776119236683
2.688109362548891,2.747775700482303,1.0227737974937365
2.688105788003173,2.7485354973058262,1.0237701498121876
2.6881017049138523,2.7492947856484156,1.0247666688220713
2.6880971122468615,2.750053564313341,1.025763354465803
2.6880920089554063,2.7508118320911263,1.0267602066851407
2.688086393979768,2.7515695877593593,1.027757225421164
2.688080266247105,2.7523268300824917,1.0287544106142499
2.6880736246712478,2.75308355781164,1.02975176220405
2.688066468152491,2.75383976968438,1.0307492801294664
2.6880587955773803,2.7545954644245367,1.0317469643286266
2.6880506058184954,2.755350640741972,1.032744814738859
2.688041897734229,2.756105297332366,1.0337428312966666
2.6880326701685617,2.7568594328769973,1.034741013937701
2.6880229219508336,2.7576130460425166,1.0357393625967353
2.68801265189551,2.758366135480718,1.0367378772076365
2.6880018588019463,2.7591186998283073,1.0377365577033373
2.6879905414541474,2.7598707377066667,1.0387354040158068
2.6879786986205256,2.7606222477216162,1.039734416076021
2.687966329053656,2.761373228463173,1.0407335938139324
2.6879534314900284,2.7621236785053083,1.041732937158439
2.6879400046497977,2.762873596405704,1.0427324460373515
2.687926047236537,2.763622980705507,1.0437321203773613
2.687911557936986,2.7643718299290847,1.0447319601040066
2.6878965354208044,2.7651201425837817,1.0457319651416375
2.6878809783403246,2.765867917159677,1.046732135413381
2.6878648853303098,2.7666151521293467,1.0477324708411047
2.687848255007718,2.7673618459476303,1.048732971345379
2.6878310859714714,2.7681079970514055,1.0497336368454395
2.6878133768022368,2.7688536038593705,1.050734467259147
2.6877951260622175,2.769598664771839,1.0517354625029476
2.6877763322949617,2.7703431781705508,1.0527366224918309
2.6877569940251886,2.7710871424184975,1.0537379471392878
2.6877371097586398,2.7718305558597756,1.0547394363572669
2.687716677981956,2.772573416819462,1.0557410900561295
2.687695697162592,2.7733157236035257,1.0567429081446038
2.68767416574877,2.774057474498778,1.0577448905297377
2.6876520821694854,2.774798667772871,1.0587470371168504
2.6876294448345663,2.7755393016743497,1.0597493478094826
2.68760625213481,2.776279374432776,1.0607518225093464
2.6875825024421967,2.777018884258928,1.0617544611162726
2.687558194110203,2.777757829345095,1.062757263528158
2.687533325474233,2.778496207865486,1.06376022964091
2.687507894852182,2.7792340179767625,1.064763359348393
2.6874819005451642,2.7799712578187323,1.0657666525423692
2.687455340838424,2.780707925515219,1.0667701091124426
2.6874282140024723,2.7814440191751455,1.0677737289459996
2.6874005182944765,2.782179536893861,1.0687775119281495
2.6873722519599523,2.782914476754763,1.0697814579416636
2.6873434132348057,2.7836488368312478,1.0707855668669146
2.687314000347779,2.784382615189055,1.0717898385818152
2.6872840115233645,2.7851158098890614,1.0727942729617552
2.6872534449852603,2.7858484189905903,1.0737988698795402
2.687222298960437,2.7865804405553156,1.0748036292053293
2.6871905716839075,2.7873118726518364,1.0758085508065736
2.68715826140428,2.788042713361008,1.0768136345479542
2.6871253663901866,2.788772960782113,1.0778188802913224
2.6870918849376646,2.789502613039954,1.0788242878956391
2.6870578153785707,2.7902316682929373,1.0798298572169156
2.6870231560900675,2.790960124742192,1.080835588108155
2.6869879055052035,2.7916879806417434,1.0818414804192944
2.6869520621245426,2.7924152343097077,1.0828475339971468
2.6869156245287438,2.793141884140397,1.0838537486853432
2.686878591391889,2.7938679286171655,1.0848601243242741
2.6868409614952715,2.7945933663256985,1.0858666607510308
2.6868027337412337,2.7953181959673743,1.0868733577993455
2.6867639071665472,2.796042416372194,1.0878802152995324
2.686724480954743,2.796766026510724,1.0888872330784305
2.6866844544467594,2.7974890255044396,1.0898944109593518
2.6866438271492985,2.798211412633878,1.090901748762038
2.6866025987403646,2.7989331873441046,1.0919092463026325
2.6865607690716278,2.7996543492471337,1.092916903393671
2.686518338167453,2.800374898121152,1.0939247198440998
2.686475306220677,2.8010948339066153,1.0949326954593244
2.686431673585428,2.801814156699501,1.0959408300412938
2.6863874407674646,2.8025328667421636,1.0969491233886213
2.686342608412617,2.803250964412352,1.0979575752967403
2.6862971772939606,2.803968450210991,1.0989661855580943
2.6862511482983216,2.8046853247493013,1.099974953962355
2.6862045224126527,2.8054015887357764,1.1009838802966607
2.6861573007107133,2.8061172429634293,1.1019929643458746
2.6861094843403848,2.806832288297636,1.103002205892848
2.686061074511842,2.807546725664784,1.1040116047186899
2.686012072486722,2.808260556041865,1.1050211606030333
2.68596247956834,2.808973780447065,1.1060308733242965
2.6859122970929707,2.8096863999313637,1.107040742659933
2.6858615264221437,2.8103984155711084,1.1080507683866714
2.685810168935904,2.8111098284615035,1.1090609502807407
2.6857582260269552,2.811820639710947,1.1100712881180805
2.6857056990956027,2.812530850436133,1.1110817816745375
2.685652589545413,2.813240461757839,1.1120924307260454
2.685598898779507,2.8139494747973224,1.113103235048791
2.6855446281974094,2.8146578906732502,1.114114194419366
2.6854897791923853,2.815365710499098,1.1151253086149047
2.6854343531491973,2.8160729353809533,1.1161365774132097
2.68537835144223,2.8167795664156707,1.1171480005928656
2.6853217754339282,2.8174856046893324,1.1181595779333404
2.685264626473507,2.818191051275969,1.1191713092150795
2.6852069058958925,2.818895907236505,1.1201831942195866
2.685148615020865,2.8196001736178973,1.1211952327294994
2.685089755152371,2.8203038514524397,1.1222074245286557
2.685030327577978,2.8210069417572057,1.1232197694021524
2.684970333568459,2.8217094455336156,1.1242322671363985
2.684909774377479,2.8224113637671038,1.1252449175191614
2.6848486512413694,2.823112697426873,1.1262577203396094
2.684786965378985,2.8238134474657266,1.127270675388347
2.684724717991619,2.824513614819959,1.1282837824574479
2.684661910262976,2.825213200409304,1.1292970413404824
2.684598543359189,2.825912205136926,1.1303104518325424
2.6845346184288794,2.826610629889449,1.131324013730262
2.684470136603243,2.8273084755370212,1.1323377268318362
2.6844050989961676,2.8280057429334002,1.1333515909370353
2.684339506704371,2.828702432916066,1.1343656058472191
2.6842733608075577,2.82939854630635,1.1353797713653468
2.6842066623685907,2.8300940839095787,1.1363940872959857
2.6841394124336753,2.8307890465152328,1.1374085534453182
2.6840716120325516,2.83148343489711,1.1384231696211475
2.6840032621786967,2.8321772498135025,1.1394379356329003
2.683934363869529,2.8328704920073764,1.14045285129163
2.6838649180866203,2.833563162206556,1.1414679164100177
2.6837949257959077,2.834255261123913,1.1424831308023717
2.6837243879479082,2.8349467894575544,1.1434984942846271
2.6836533054779346,2.835637747891017,1.1445140066743438
2.6835816793063096,2.836328137093455,1.1455296677907034
2.6835095103385815,2.8370179577198344,1.1465454774545065
2.6834367994657358,2.837707210411121,1.1475614354881676
2.6833635475644058,2.838395895794469,1.148577541715711
2.683289755497082,2.83908401448341,1.1495937959627656
2.6832154241123183,2.8397715670780355,1.1506101980565586
2.683140554244934,2.8404585541651795,1.1516267478259101
2.683065146716214,2.8411449763185983,1.152643445101226
2.6829892023341055,2.8418308340991474,1.1536602897144905
2.6829127218934117,2.8425161280549545,1.1546772814992603
2.6828357061759798,2.84320085872159,1.1556944202906558
2.6827581559508884,2.8438850266222344,1.1567117059253538
2.682680071974629,2.8445686322678423,1.1577291382415793
2.6826014549912847,2.845251676157303,1.1587467170790975
2.6825223057327054,2.845934158777597,1.1597644422792055
2.6824426249186786,2.8466160806039515,1.1607823136847233
2.682362413257096,2.847297442099989,1.1618003311399856
2.6822816714441187,2.8479782437178756,1.162818494490833
2.682200400164336,2.8486584858984645,1.1638368035846032
2.682118600090922,2.849338169071437,1.1648552582701215
2.682036271885789,2.8500172936554393,1.1658738583976922
2.6819534161997374,2.850695860058216,1.1668926038190899
2.6818700336725994,2.851373868676743,1.1679114943875495
2.681786124933383,2.8520513198973525,1.1689305299577581
2.6817016906004114,2.8527282140958596,1.1699497103858452
2.6816167312814585,2.8534045516376834,1.1709690355293734
2.681531247573881,2.8540803328779663,1.1719885052473296
2.681445240064749,2.854755558161689,1.1730081194001158
2.681358709330971,2.855430227823783,1.1740278778495399
2.6812716559394194,2.856104342189244,1.1750477804588064
2.681184080447048,2.856777901573234,1.1760678270925073
2.6810959834010135,2.8574509062811915,1.1770880176166134
2.6810073653387865,2.8581233566089304,1.1781083518984645
2.680918226788266,2.8587952528427407,1.1791288298067608
2.6808285682678883,2.859466595259486,1.180149451211554
2.6807383902867334,2.8601373841266975,1.1811702159842383
2.6806476933446297,2.860807619702667,1.182191123997541
2.680556477932255,2.861477302236537,1.1832121751255138
2.6804647445312364,2.8621464319683882,1.184233369243525
2.680372493614248,2.862815009129325,1.185254706228249
2.680279725645103,2.8634830339415602,1.186276185957659
2.6801864410788503,2.8641505066184942,1.1872978083110175
2.6800926403618597,2.864817427364796,1.188319573168868
2.679998323931914,2.8654837963764797,1.1893414804130265
2.6799034922182927,2.8661496138409803,1.1903635299265725
2.679808145641857,2.8668148799372273,1.1913857215938415
2.6797122846151322,2.8674795948357157,1.1924080553004157
2.679615909542385,2.8681437586985754,1.1934305309331161
2.6795190208197046,2.8688073716796407,1.1944531483799943
2.679421618835078,2.869470433924515,1.195475907530324
2.6793237039684636,2.8701329455706364,1.1964988082745933
2.679225276591865,2.8707949067473395,1.1975218505044958
2.679126337069402,2.871456317575918,1.1985450341129238
2.6790268857573776,2.872117178169683,1.1995683589939592
2.6789269230043495,2.8727774886340223,1.2005918250428662
2.678826449151193,2.873437249066457,1.2016154321560835
2.6787254645311673,2.8740964595566956,1.202639180231216
2.678623969469977,2.874755120186689,1.2036630691670278
2.678521964285835,2.8754132310306826,1.2046870988634342
2.678419449289522,2.876070792155266,1.205711269221494
2.678316424784444,2.876727803619425,1.206735580143402
2.6782128910666927,2.8773842654745874,1.2077600315324821
2.678108848425097,2.8780401777646714,1.2087846232931787
2.678004297141282,2.878695540526132,1.2098093553310505
2.677899237489718,2.8793503537880034,1.2108342275527626
2.6777936697377767,2.880004617571945,1.2118592398660795
2.677687594145778,2.880658331892282,1.2128843921798578
2.677581010967043,2.8813114967560463,1.2139096844040393
2.677473920447939,2.8819641121630166,1.2149351164496438
2.6773663228279307,2.8826161781057578,1.2159606882287617
2.6772582183396225,2.883267694569658,1.2169863996545478
2.677149607208806,2.8839186615329657,1.2180122506412139
2.677040489654502,2.884569078966825,1.2190382411040217
2.6769308658890054,2.8852189468353107,1.2200643709592771
2.6768207361179246,2.885868265095461,1.221090640124322
2.6767101005402245,2.886517033697311,1.2221170485175288
2.676598959348265,2.887165252583924,1.2231435960582933
2.6764873127278404,2.887812921691422,1.2241702826670278
2.676375160858216,2.8884600409490164,1.225197108265155
2.6762625039121657,2.8891066102790353,1.2262240727751015
2.67614934205601,2.8897526295969533,1.2272511761202913
2.676035675449647,2.8903980988114175,1.2282784182251394
2.67592150424659,2.891043017824274,1.229305799015045
2.6758068285939993,2.8916873865305934,1.230333318416386
2.675691648632715,2.8923312048186958,1.231360976356512
2.6755759644972885,2.8929744725701734,1.232388772763739
2.6754597763160124,2.8936171896599148,1.2334167075673421
2.6753430842109527,2.8942593559561267,1.23444478069755
2.675225888297976,2.8949009713203555,1.2354729920855392
2.675108188686778,2.8955420356075074,1.2365013416634272
2.6749899854809134,2.896182548665869,1.237529829364267
2.6748712787778195,2.896822510337127,1.238558455122041
2.674752068668844,2.8974619204563847,1.2395872188716555
2.674632355239272,2.8981007788521813,1.2406161205489339
2.674512138568347,2.8987390853465094,1.2416451600906115
2.6743914187292983,2.89937683975483,1.2426743374343299
2.6742701957893624,2.9000140418860885,1.2437036525186302
2.6741484698098064,2.900650691542731,1.2447331052829484
2.67402624084595,2.901286788520717,1.2457626956676093
2.6739035089471863,2.901922332609534,1.2467924236138204
2.673780274157003,2.90255732359221,1.2478222890636665
2.6736565365130023,2.9031917612453273,1.2488522919601048
2.673532296046919,2.9038256453390323,1.2498824322469582
2.673407552784642,2.904458975637048,1.2509127098689101
2.67328230674623,2.905091751896684,1.2519431247714996
2.67315655794593,2.9057239738688474,1.2529736769011148
2.673030306392194,2.9063556412980507,1.2540043662049885
2.672903552087696,2.9069867539224217,1.2550351926311918
2.6727762950293465,2.907617311473711,1.2560661561286295
2.67264853520831,2.908247313677301,1.257097256647034
2.672520272610016,2.9088767602522108,1.2581284941369606
2.672391507214177,2.909505650911105,1.2591598685497816
2.6722622389948003,2.9101339853602974,1.2601913798376811
2.6721324679202,2.9107617632997584,1.26122302795365
2.672002193953011,2.911388984423118,1.2622548128514808
2.6718714170502005,2.9120156484176727,1.263286734485762
2.6717401371630793,2.912641754964386,1.2643187928118724
2.6716083542373124,2.9132673037378938,1.2653509877859774
2.67147606821293,2.9138922944065073,1.2663833193650225
2.6713432790243377,2.914516726632214,1.2674157875067285
2.6712099866003234,2.9151406000706794,1.2684483921695862
2.6710761908640697,2.91576391437125,1.269481133312852
2.67094189173316,2.9163866691769513,1.2705140108965418
2.6708070891195876,2.9170088641244907,1.2715470248814265
2.670671782929761,2.917630498844255,1.2725801752290264
2.670535973064514,2.9182515729603113,1.2736134619016073
2.6703996594191093,2.9188720860904036,1.2746468848621737
2.670262841883247,2.919492037845953,1.2756804440744653
2.670125520341067,2.920111427832054,1.276714139502951
2.6699876946711583,2.9207302556474737,1.2777479711128243
2.669849364746559,2.921348520884646,1.2787819388699984
2.6697105304347635,2.92196622312967,1.2798160427411005
2.669571191597726,2.9225833619623045,1.2808502826934676
2.6694313480918628,2.9231999369559634,1.2818846586951413
2.6692909997680547,2.9238159476777117,1.2829191707148626
2.6691501464716514,2.9244313936882587,1.2839538187220672
2.669008788042471,2.9250462745419523,1.28498860268688
2.6688669243148038,2.9256605897867733,1.2860235225801107
2.6687245551174112,2.9262743389643275,1.2870585783732489
2.6685816802735283,2.926887521609838,1.2880937700384585
2.668438299600863,2.9275001372521374,1.2891290975485736
2.6682944129115955,2.9281121854136614,1.2901645608770926
2.6681500200123787,2.9287236656104367,1.2912001599981742
2.6680051207043367,2.929334577352075,1.2922358948866317
2.667859714783063,2.9299449201417604,1.2932717655179284
2.6677138020386186,2.930554693476241,1.2943077718681726
2.6675673822555304,2.931163896845819,1.2953439139141127
2.6674204552127883,2.9317725297343373,1.2963801916331321
2.6672730206838406,2.9323805916191694,1.2974166050032443
2.667125078436593,2.9329880819712075,1.2984531540030881
2.666976628233403,2.9335950002548503,1.2994898386119225
2.6668276698310756,2.9342013459279888,1.3005266588096214
2.6666782029808584,2.934807118441995,1.3015636145766694
2.6665282274284374,2.9354123172417066,1.302600705894156
2.6663777429139306,2.936016941765413,1.303637932743771
2.6662267491718823,2.9366209914448422,1.3046752951077998
2.6660752459312564,2.9372244657051434,1.3057127929691175
2.66592323291543,2.937827363964873,1.3067504263111844
2.6657707098421857,2.938429685635978,1.3077881951180417
2.665617676423705,2.9390314301237805,1.3088260993743048
2.6654641323665595,2.93963259682696,1.3098641390651597
2.6653100773717022,2.9402331851375356,1.3109023141763572
2.665155511134459,2.94083319444085,1.3119406246942078
2.6650004333445203,2.9414326241155497,1.3129790706055773
2.66484484368593,2.9420314735335666,1.3140176518978806
2.664688741837076,2.9426297420600998,1.3150563685590773
2.6645321274706815,2.9432274290535947,1.3160952205776664
2.66437500025379,2.9438245338657243,1.3171342079426809
2.664217359847759,2.944421055841368,1.3181733306436827
2.664059205908245,2.9450169943185904,1.3192125886707577
2.663900538085193,2.9456123486286208,1.32025198201451
2.663741356022822,2.9462071180958307,1.3212915106660572
2.6635816593596155,2.9468013020377115,1.3223311746170245
2.663421447728306,2.947394899764852,1.3233709738595398
2.6632607207558614,2.947987910580915,1.3244109083862285
2.6630994780634714,2.9485803337826137,1.3254509781902075
2.662937719266533,2.9491721686596875,1.3264911832650803
2.662775443974635,2.9497634144948774,1.3275315236049317
2.6626126517915445,2.950354070563901,1.3285719992043217
2.662449342315188,2.9509441361354263,1.3296126100582808
2.662285515137638,2.951533610471046,1.3306533561623037
2.6621211698450957,2.9521224928252523,1.3316942375123446
2.6619563060178737,2.952710782445407,1.3327352541048105
2.6617909232303782,2.953298478571716,1.3337764059365569
2.661625021051092,2.953885580437201,1.334817693004881
2.6614585990425557,2.9544720872676713,1.3358591153075163
2.6612916567613496,2.9550579982816934,1.3369006728426278
2.661124193758074,2.9556433126905635,1.3379423656088045
2.66095620957733,2.9562280296982753,1.3389841936050553
2.6607877037576984,2.9568121485014918,1.3400261568308016
2.660618675831721,2.957395668289512,1.3410682552858728
2.6604491253258797,2.957978588244242,1.3421104889704996
2.6602790517605723,2.95856090754016,1.3431528578853078
2.6601084546500946,2.959142625344286,1.3441953620313127
2.6599373335026155,2.959723740816148,1.3452380014099132
2.659765687820156,2.960304253107747,1.346280776022885
2.6595935170985645,2.960884161363526,1.3473236858723747
2.6594208208274948,2.9614634647203326,1.348366730960894
2.6592475984903805,2.9620421623073843,1.3494099112913127
2.6590738495644124,2.9626202532462336,1.3504532268668528
2.6588995735205114,2.963197736650731,1.351496677691082
2.6587247698233045,2.9637746116269885,1.3525402637679071
2.6585494379310988,2.9643508772733416,1.3535839851015676
2.658373577295854,2.9649265326803116,1.3546278416966293
2.658197187363157,2.9655015769305675,1.3556718335579772
2.6580202675721933,2.9660760090988862,1.356715960690809
2.65784281735572,2.966649828252113,1.3577602231006287
2.657664836140037,2.967223033449121,1.3588046207932394
2.657486323344957,2.9677956237407708,1.3598491537747361
2.6573072783837794,2.968367598169869,1.3608938220514994
2.657127700663257,2.968938955771125,1.361938625630188
2.6569475895835675,2.96950969557111,1.3629835645177315
2.6567669445382807,2.970079816588212,1.3640286387213236
2.65658576491433,2.970649317832593,1.3650738482484148
2.656404050091978,2.971218198306144,1.3661191931067047
2.656221799444785,2.971786457002439,1.3671646733041347
2.6560390123395754,2.972354092906691,1.3682102888488807
2.655855688136404,2.972921104995704,1.3692560397493454
2.6556718261885237,2.973487492237827,1.3703019260141505
2.6554874258423475,2.9740532535929036,1.3713479476521289
2.6553024864374164,2.974618388012227,1.3723941046723171
2.655117007306362,2.9751828944384893,1.3734403970839473
2.6549309877748692,2.9757467718057304,1.3744868248964388
2.6547444271616416,2.976310019039289,1.3755333881193907
2.6545573247783616,2.9768726350557513,1.376580086762573
2.6543696799296534,2.977434618762898,1.3776269208359186
2.6541814919130444,2.977995969059653,1.378673890349515
2.653992760018925,2.9785566848360285,1.3797209953135952
2.653803483530508,2.9791167649730723,1.3807682357385296
2.6536136617237904,2.979676208342812,1.3818156116348173
2.6534232938675095,2.980235013808199,1.382863123013077
2.6532323792231023,2.980793180223053,1.3839107698840378
2.6530409170446627,2.9813507064320053,1.3849585522585308
2.652848906578898,2.9819075912704385,1.3860064701474795
2.6526563470650846,2.98246383356443,1.38705452356189
2.6524632377350246,2.983019432130692,1.388102712512843
2.652269577813,2.9835743857765107,1.3891510370114823
2.6520753665157266,2.9841286932996844,1.3901994970690073
2.651880603052307,2.984682353488463,1.3912480926966608
2.6516852866241836,2.985235365121484,1.3922968239057214
2.651489416425091,2.9857877269677093,1.3933456907074917
2.651292991641006,2.9863394377863606,1.3943946931132887
2.6510960114500994,2.986890496326853,1.3954438311344337
2.6508984750226845,2.98744090132873,1.3964931047822413
2.6507003815211667,2.9879906515215957,1.3975425140680091
2.6505017300999913,2.988539745625045,1.398592059003007
2.6503025199055914,2.9890881823485973,1.3996417395984655
2.650102750076334,2.9896359603916243,1.4006915558655655
2.6499024197424657,2.99018307844328,1.4017415078154267
2.649701528026058,2.9907295351824277,1.402791595459096
2.649500074040951,2.991275329277568,1.403841818807536
2.6492980568926976,2.9918204593867634,1.4048921778716132
2.6490954756785046,2.992364924157566,1.4059426726620865
2.6488923294871753,2.9929087222269377,1.4069933031895943
2.64868861739905,2.993451852221176,1.4080440694646428
2.6484843384859453,2.993994312755835,1.4090949714975933
2.6482794918110932,2.994536102435645,1.4101460092986495
2.6480740764290793,2.9950772198544344,1.411197182877845
2.6478680913857797,2.9956176635950458,1.4122484922450294
2.6476615357182975,2.9961574322292552,1.413299937409856
2.6474544084548968,2.9966965243176875,1.414351518381768
2.647246708614938,2.9972349384097314,1.4154032351699848
2.6470384352088097,2.997772673043454,1.4164550877834874
2.646829587237862,2.998309726745513,1.4175070762310058
2.646620163694338,2.998846098031068,1.4185592005210033
2.6464101635613018,2.9993817854036915,1.4196114606616628
2.646199585812569,2.999916787355277,1.4206638566608716
2.645988429412634,3.000451102365947,1.4217163885262065
2.6457766933165976,3.0009847289039597,1.4227690562649187
2.6455643764700922,3.001517665425614,1.4238218598839176
2.6453514778092058,3.0020499103751526,1.4248747993897564
2.6451379962604054,3.0025814621846654,1.4259278747886146
2.6449239307404606,3.003112319273989,1.4269810860862826
2.6447092801563636,3.0036424800506074,1.4280344332881447
2.6444940434052486,3.00417194290955,1.4290879163991628
2.6442782193743106,3.004700706233287,1.4301415354238587
2.644061806940724,3.005228768391627,1.4311952903662974
2.6438448049715557,3.005756127741608,1.4322491812300686
2.6436272123236835,3.00628278262739,1.433303208018269
2.643409027843706,3.0068087313801475,1.4343573707334845
2.6431902503678573,3.0073339723179555,1.435411669377771
2.6429708787219157,3.007858503745679,1.4364661039526356
2.642750911721114,3.0083823239548573,1.4375206744590179
2.6425303481700473,3.008905431223588,1.4385753808972692
2.642309186862578,3.00942782381641,1.439630223267134
2.642087426581742,3.009949499984183,1.4406852015677287
2.6418650660996525,3.010470457963967,1.4417403157975213
2.6416421041774,3.010990695978898,1.4427955659543101
2.6414185395649534,3.011510212238064,1.4438509520352034
2.6411943710010592,3.0120290049363776,1.4449064740365964
2.6409695972131373,3.012547072254447,1.4459621319541496
2.6407442169171773,3.0130644123584456,1.4470179257827664
2.640518228817631,3.013581023399979,1.4480738555165704
2.640291631607306,3.0140969035159504,1.449129921148881
2.6400644239672535,3.014612050828423,1.4501861226721906
2.639836604566658,3.015126463444481,1.45124246007814
2.639608172062724,3.0156401394560897,1.4522989333574936
2.6393791251005596,3.01615307693995,1.4533555425001148
2.63914946231306,3.016665273957355,1.4544122874949394
2.6389191823207874,3.0171767285540407,1.4554691683299508
2.6386882837318497,3.017687438760035,1.456526184992152
2.638456765141778,3.018197402589507,1.4575833374675398
2.6382246251334003,3.0187066180406097,1.4586406257410762
2.6379918622767144,3.019215083095325,1.4596980497966612
2.637758475128758,3.0197227957193005,1.4607556096171035
2.6375244622334764,3.0202297538616896,1.4618133051840914
2.637289822121589,3.020735955454984,1.4628711364781632
2.6370545533104517,3.021241398414847,1.4639291034786768
2.6368186543039194,3.021746080639942,1.4649872061637785
2.636582123592203,3.0222500000117587,1.4660454445103719
2.6363449596517268,3.0227531543944366,1.4671038184940852
2.636107160944982,3.0232555416345863,1.468162328089239
2.6358687259203775,3.023757159561106,1.4692209732688124
2.6356296530120873,3.0242580059849957,1.4702797540044088
2.6353899406398984,3.0247580786991706,1.4713386702662217
2.6351495872090527,3.025257375478266,1.4723977220229985
2.634908591110086,3.0257558940784453,1.4734569092420045
2.634666950718667,3.0262536322371987,1.474516231888986
2.6344246643954308,3.026750587673143,1.4755756899281325
2.63418173048581,3.0272467580858144,1.4766352833220382
2.6339381473198626,3.027742141155462,1.477695012031663
2.6336939132120976,3.0282367345428316,1.4787548760162919
2.6334490264612964,3.0287305358889527,1.479814875233494
2.6332034853503314,3.0292235428149152,1.4808750096390815
2.63295728814598,3.0297157529216463,1.481935279187066
2.6327104330987376,3.030207163789682,1.4829956838296154
2.632462918442624,3.030697772978935,1.4840562235170096
2.6322147423949884,3.0311875780284567,1.4851168981975946
2.6319659031563094,3.0316765764561975,1.486177707817736
2.6317163989099925,3.0321647657587603,1.4872386523217722
2.631466227822161,3.0326521434111506,1.4882997316519648
2.6312153880414475,3.0331387068665228,1.4893609457484502
2.6309638776987745,3.0336244535559187,1.4904222945491885
2.6307116949071383,3.0341093808880046,1.4914837779899113
2.630458837761382,3.0345934862488013,1.4925453960040695
2.6302053043379683,3.03507676700141,1.4936071485227793
2.6299510926947463,3.035559220485732,1.4946690354747658
2.6296962008707134,3.036040844018183,1.4957310567863078
2.6294406268857715,3.0365216348914044,1.4967932123811791
2.629184368740481,3.0370015903739636,1.49785550218059
2.6289274244158056,3.037480707710054,1.4989179261031262
2.6286697918728574,3.0379589841191867,1.4999804840646878
2.628411469052631,3.038436416795874,1.501043175978425
2.6281524538757344,3.038913002909312,1.5021060017546741
2.627892744242117,3.0393887396030497,1.5031689613008907
2.627632338030786,3.039863623994658,1.5042320545215822
2.627371233099523,3.0403376531753885,1.5052952813182383
2.627109427284588,3.040810824209824,1.5063586415892602
2.6268469184004246,3.0412831341355253,1.5074221352298873
2.6265837042393514,3.04175457996267,1.508485762132123
2.626319782571252,3.04222515867368,1.5095495221846582
2.6260551511432557,3.042694867222847,1.5106134152727935
2.6257898076794124,3.043163702535944,1.5116774412783587
2.6255237498803585,3.0436316615098336,1.5127416000796312
2.6252569754229773,3.044098741012066,1.513805891551252
2.624989481960051,3.044564937880467,1.514870315564139
2.6247212671199054,3.045030248922719,1.5159348719853991
2.6244523285060444,3.045494670915933,1.5169995606782383
2.624182663696781,3.045958200606209,1.518064381501868
2.623912270244854,3.04642083470819,1.5191293343114105
2.6236411456770403,3.0468825699046027,1.5201944189578016
2.623369287493757,3.0473434028457915,1.5212596352876906
2.623096693168653,3.047803330149239,1.5223249831433376
2.6228233601481934,3.048262348399079,1.5233904623625085
2.6225492858512327,3.0487204541455957,1.5244560727783671
2.622274467668578,3.0491776439047125,1.5255218142193645
2.6219989029625443,3.049633914157471,1.5265876865091257
2.6217225890664957,3.050089261349496,1.527653689466333
2.6214455232843794,3.050543681890449,1.5287198229046068
2.6211677028902463,3.050997172153471,1.5297860866323825
2.6208891251277615,3.0514497284746103,1.5308524804527843
2.620609787209703,3.0519013471522376,1.5319190041634974
2.6203296863174503,3.0523520244464515,1.5329856575566334
2.6200488196004574,3.052801756578465,1.5340524404185958
2.6197671841757173,3.053250539729982,1.5351193525299394
2.619484777127212,3.053698370042559,1.536186393665227
2.6192015955053494,3.054145243616953,1.537253563592882
2.6189176363263913,3.0545911565124517,1.538320862075037
2.6186328965718624,3.055036104746195,1.5393882888673793
2.6183473731879507,3.0554800842924768,1.5404558437189904
2.618061063084892,3.055923091082032,1.5415235263721832
2.617773963136343,3.0563651210013134,1.5425913365623343
2.6174860701787392,3.056806169891747,1.5436592740177106
2.6171973810106417,3.057246233548976,1.5447273384592939
2.6169078923920672,3.0576853077220902,1.5457955296005985
2.6166176010438082,3.05812338811284,1.546863847147486
2.6163265036467385,3.0585604703748333,1.547932290797974
2.616034596841107,3.058996550112724,1.5490008602420409
2.6157418772258194,3.0594316228813816,1.550069555161426
2.615448341357707,3.059865684185052,1.551138375229425
2.6151539857507884,3.060298729476504,1.552207320110679
2.614858806875518,3.060730754156167,1.5532763894609611
2.614562801158029,3.061161753571258,1.5543455829269577
2.614265964979369,3.061591723014905,1.5554149001460442
2.6139682946747294,3.0620206577252587,1.5564843407460578
2.6136697865326757,3.06244855288461,1.5575539043450655
2.6133704367943755,3.0628754036185004,1.558623590551128
2.6130702416528324,3.063301204994842,1.5596933989620618
2.612769197252126,3.0637259520230447,1.5607633291651961
2.6124672996866645,3.0641496396531567,1.5618333807371296
2.612164545000458,3.0645722627750285,1.562903553243484
2.6118609291864145,3.0649938162175014,1.5639738462386588
2.611556448185669,3.065414294747635,1.5650442592655847
2.611251097886954,3.0658336930699814,1.5661147918554807
2.6109448741260257,3.0662520058259197,1.5671854435276134
2.610637772685154,3.0666692275930636,1.568256213789062
2.610329789292694,3.0670853528847597,1.5693271021344932
2.6100209196227566,3.0675003761496993,1.570398108045943
2.609711159295001,3.067914291771662,1.5714692309926164
2.6094005038745705,3.068327094069424,1.5725404704307024
2.609088948872202,3.0687387772968586,1.5736118258032137
2.608776489744546,3.0691493356432744,1.5746832965398532
2.6084631218947325,3.0695587632340255,1.5757548820569165
2.6081488406732336,3.069967054131456,1.5768265817572371
2.607833641379075,3.0703742023362333,1.5778983950301833
2.60751751926146,3.070780201789146,1.5789703212517177
2.607200469521884,3.071185046373445,1.5800423597845328
2.606882487316818,3.0715887299178273,1.5811145099782766
2.6065635677610715,3.0719912462001706,1.5821867711698856
2.606243705931934,3.07239258895215,1.5832591426840443
2.6059228968742385,3.072792751864875,1.5843316238337948
2.6056011356064843,3.0731917285957193,1.5854042139213222
2.605278417128185,3.073589512776516,1.586476912238943
2.6049547364286196,3.073986098023326,1.5875497180703304
2.6046300884971796,3.0743814779479894,1.5886226306920084
2.604304468335508,3.0747756461716875,1.5896956493751533
2.6039778709716335,3.0751685963407343,1.5907687733877365
2.6036502914762796,3.0755603221448102,1.5918420019970447
2.6033217249815066,3.0759508173378105,1.592915334472606
2.602992166701778,3.0763400757614168,1.593988770089542
2.6026616119574633,3.076728091371409,1.5950623081323532
2.6023300562006533,3.0771148582665844,1.5961359478991186
2.601997495043012,3.0775003707199806,1.59720968870607
2.601663924285166,3.0778846232118537,1.5982835298924594
2.6013293399469193,3.0782676104636195,1.5993574708256022
2.600993738297326,3.0786493274716844,1.6004315109059397
2.6006571158834473,3.0790297695398587,1.6015056495719202
2.600319469556467,3.079408932308872,1.6025798863044816
2.599980796493795,3.079786811781457,1.603654220630904
2.5996410942158956,3.080163404341588,1.6047286521278221
2.599300360596827,3.080538706766716,1.6058031804232262
2.598958593867867,3.0809127162323064,1.606877805197348
2.5986157926140794,3.0812854303084793,1.6079525261824095
2.5982719557641674,3.0816568469491323,1.60902734316129
2.5979270825743965,3.082026964474395,1.6101022559652427
2.597581172607693,3.082395781547638,1.6111772644708422
2.5972342257091947,3.082763297148453,1.6122523685963748
2.596886241979567,3.0831295105430603,1.6133275682978818
2.596537221747298,3.0834944212535076,1.6144028635650542
2.5961871655410156,3.083858029026819,1.6154782544171438
2.5958360740626554,3.0842203338050314,1.6165537408990207
2.595483948162077,3.0845813356967926,1.6176293230774712
2.595130788813527,3.0849410349509743,1.6187050010377924
2.594776597094166,3.085299431932555,1.6197807748807174
2.594421374164745,3.0856565271008707,1.6208566447196768
2.5940651212524055,3.0860123209902173,1.6219326106783931
2.593707839635515,3.0863668141927105,1.6230086728887854
2.593349530630401,3.0867200073432577,1.6240848314891656
2.5929901955798207,3.087071901106461,1.625161086622695
2.592629835843001,3.087422496165274,1.626237438436075
2.5922684527870716,3.0877717932112168,1.6273138870784414
2.591906047779736,3.088119792935975,1.628390432700442
2.591542622183026,3.088466496024214,1.6294670754534653
2.5911781773479996,3.0888119031474535,1.6305438154890068
2.59081271461026,3.0891560149588653,1.631620652958148
2.590446235286185,3.089498832088873,1.6326975880111334
2.5900787406697683,3.0898403551414417,1.6337746207970312
2.58971023202999,3.0901805846909616,1.6348517514634637
2.589340710608638,3.0905195212796492,1.6359289801563983
2.588970177618517,3.090857165415387,1.6370063070199867
2.5885986342419924,3.091193517569939,1.6380837321964477
2.5882260816298177,3.0915285781774946,1.6391612558259838
2.587852520900203,3.091862347633486,1.640238878046729
2.5874779531380923,3.0921948262936443,1.6413165989947187
2.5871023793946186,3.0925260144732585,1.642394418803882
2.5867258006867044,3.0928559124466055,1.6434723376060485
2.586348217996795,3.09318452044653,1.6445503555309708
2.5859696322726946,3.0935118386641447,1.645628472706357
2.585590044427498,3.093837867248642,1.6467066892579123
2.5852094553395952,3.09416260630719,1.6477850053093879
2.5848278658527453,3.0944860559049094,1.648863420982636
2.5844452767761976,3.0948082160649095,1.6499419363976684
2.5840616888848653,3.095129086768379,1.651020551672719
2.5836771029195296,3.0954486679547233,1.6520992669243086
2.583291519587078,3.095766959521734,1.6531780822673119
2.5829049395607666,3.0960839613257924,1.654256997815024
2.5825173634805023,3.096399673182096,1.65533601367923
2.5821287919531386,3.096714094864904,1.656415129970271
2.581739225552786,3.097027226107796,1.6574943467971146
2.5813486648211295,3.0973390666039484,1.6585736642674205
2.5809571102677533,3.097649616006413,1.659653082487608
2.580564562370469,3.097958873928405,1.6607326015629211
2.5801710215756453,3.098266839943593,1.661812221597494
2.5797764882985383,3.098573513586392,1.6628919426944133
2.5793809629236226,3.0988788943522554,1.663971764955781
2.578984445804917,3.099182981697966,1.6650516884827742
2.57858693726631,3.099485775041924,1.6661317133757048
2.5781884376018778,3.099787273764433,1.667211839734077
2.5777889470762028,3.1000874772079783,1.6682920676566435
2.577388465924681,3.1003863846775035,1.6693723972414602
2.576986994353829,3.1006839954406793,1.6704528285859392
2.576584532541579,3.100980308728166,1.6715333617869002
2.5761810806375744,3.101275323733871,1.6726139969406209
2.575776638763452,3.101569039615197,1.6736947341428856
2.5753712070131227,3.101861455493284,1.6747755734890324
2.5749647854530404,3.1021525704532444,1.675856515073999
2.5745573741224677,3.10244238354439,1.6769375589923672
2.574148973033733,3.1027308937804494,1.6780187053384057
2.5737395821724793,3.103018100139782,1.679099954206112
2.573329201497909,3.103304001565578,1.680181305689253
2.5729178309430165,3.1035885969660573,1.6812627598814034
2.572505470414819,3.1038718852146543,1.682344316875985
2.572092119794577,3.1041538651501988,1.6834259767663022
2.5716777789380076,3.104434535577088,1.6845077396455785
2.5712624476754935,3.104713895265449,1.6855896056069906
2.570846125812283,3.104991942951298,1.686671574743702
2.5704288131286828,3.1052686773366855,1.6877536471488956
2.5700105093802468,3.1055440970898394,1.688835822915805
2.569591214297955,3.105818200845298,1.6899181021377445
2.5691709275883885,3.1060909872040368,1.6910004849081397
2.5687496489338972,3.1063624547335857,1.692082971320555
2.5683273779927607,3.1066326019681427,1.6931655614687218
2.567904114399345,3.106901427408677,1.6942482554465654
2.5674798577642504,3.107168929523027,1.6953310533482315
2.567054607674456,3.1074351067459913,1.6964139552681106
2.5666283636934564,3.107699957479411,1.6974969613008628
2.566201125361396,3.1079634800922493,1.698580071541442
2.5657728921951923,3.10822567292066,1.6996632860851189
2.5653436636886595,3.1084865342680525,1.7007466050275026
2.564913439312623,3.1087460624051486,1.7018300284645638
2.56448221851503,3.109004255570034,1.702913556492654
2.5640500007210543,3.109261111968205,1.703997189208528
2.5636167853331977,3.109516629772605,1.7050809267093618
2.563182571731384,3.1097708071236583,1.7061647690927735
2.5627473592730494,3.110023642129298,1.707248716456841
2.5623111472932294,3.1102751328649867,1.7083327689001213
2.561873935104638,3.11052527737373,1.7094169265216668
2.561435721997746,3.1107740736660894,1.7105011894210433
2.56099650724085,3.1110215197201825,1.7115855576983467
2.560556290080143,3.111267613481685,1.7126700314542194
2.560115069739775,3.1115123528638207,1.7137546107898654
2.5596728454219124,3.111755735747351,1.7148392958070662
2.559229616306793,3.111997759980557,1.7159240866081957
2.5587853815527755,3.112238423379214,1.7170089832962347
2.558340140296387,3.1124777237265664,1.7180939859747848
2.557893891652364,3.112715658773292,1.7191790947480823
2.557446634713692,3.112952226237464,1.7202643097210115
2.556998368551639,3.113187423804507,1.721349630999118
2.556549092215787,3.11342124912715,1.722435058688621
2.5560988047340576,3.113653699825369,1.7235205928964255
2.555647505112737,3.1138847734863333,1.724606233730135
2.5551951923364946,3.1141144676643373,1.725691981298063
2.5547418653683986,3.1143427798807357,1.726777835709243
2.554287523149929,3.1145697076238688,1.7278637970734418
2.553832164600987,3.1147952483489845,1.7289498655011692
2.5533757886198987,3.115019399478156,1.7300360411036884
2.552918394083419,3.1152421584001955,1.7311223239930258
2.552459979846729,3.1154635224705607,1.7322087142819824
2.552000544743432,3.1156834890112592,1.7332952120841425
2.551540087585546,3.115902055310747,1.7343818175138832
2.55107860716349,3.116119218623822,1.7354685306863837
2.5506161022460723,3.1163349761715153,1.736555351717635
2.5501525715804707,3.116549325140975,1.7376422807244476
2.549688013892214,3.116762262685347,1.7387293178244607
2.5492224278851547,3.1169737859236504,1.7398164631361503
2.548755812241445,3.117183891940651,1.7409037167788375
2.5482881656215053,3.1173925777867257,1.7419910788726962
2.5478194866639896,3.1175998404777276,1.7430785495387608
2.5473497739857507,3.117805676994842,1.744166128898934
2.546879026181801,3.118010084284441,1.745253817075994
2.5464072418252686,3.1182130592579322,1.7463416141936008
2.5459344194673537,3.1184145987916034,1.7474295203763046
2.5454605576372784,3.1186146997264634,1.7485175357495515
2.544985654842237,3.118813358868077,1.7496056604396906
2.5445097095673406,3.1190105729863955,1.7506938945739798
2.5440327202755606,3.119206338815586,1.7517822382805928
2.5435546854076683,3.1194006530538503,1.7528706916886243
2.5430756033821713,3.1195935123632457,1.753959254928097
2.5425954725952487,3.119784913369496,1.7550479281299658
2.5421142914206816,3.1199748526618016,1.756136711426125
2.5416320582097818,3.120163326792643,1.7572256049494126
2.5411487712913163,3.120350332277581,1.758314608833616
2.5406644289714304,3.120535865595052,1.7594037232134767
2.5401790295335682,3.120719923186157,1.760492948224696
2.5396925712383878,3.1209025014544496,1.7615822840039392
2.539205052323676,3.1210835967657165,1.76267173068884
2.53871647100426,3.1212632054477534,1.7637612884180054
2.5382268254719142,3.1214413237901386,1.7648509573310205
2.5377361138952668,3.121617948043999,1.7659407375684517
2.537244334419701,3.1217930744217735,1.7670306292718514
2.5367514851672555,3.1219666990969706,1.7681206325837615
2.5362575642365206,3.122138818203922,1.7692107476477177
2.5357625697025328,3.1223094278375303,1.7703009746082528
2.535266499616664,3.122478524053012,1.7713913136109
2.534769352006511,3.1226461028656387,1.7724817648021967
2.53427112487578,3.1228121602504673,1.773572328329687
2.5337718162041685,3.1229766921420707,1.7746630043419254
2.5332714239472445,3.1231396944342626,1.7757537929884795
2.532769946036323,3.123301162979814,1.7768446944199323
2.532267380378339,3.1234610935901688,1.7779357087878858
2.531763724855718,3.1236194820351506,1.7790268362449622
2.531258977326242,3.1237763240426677,1.7801180769448073
2.530753135622916,3.123931615298411,1.781209431042092
2.5302461975538266,3.1240853514455473,1.782300898692515
2.529738160902003,3.124237528084406,1.7833924800528038
2.5292290234252692,3.1243881407721616,1.784484175280717
2.528718782856098,3.124537185022512,1.7855759845350458
2.528207436901459,3.124684656305349,1.7866679079756151
2.5276949832426645,3.124830550046424,1.7877599457632853
2.5271814195352125,3.12497486162701,1.7888520980599532
2.526666743408625,3.1251175863835545,1.7899443650285523
2.5261509524662857,3.1252587196073294,1.7910367468330546
2.5256340442852716,3.125398256544075,1.7921292436384708
2.5251160164161837,3.125536192393637,1.7932218556108506
2.5245968663829723,3.125672522309598,1.7943145829172829
2.5240765916827614,3.125807241398904,1.7954074257258965
2.523555189785668,3.125940344721483,1.7965003842058593
2.5230326581346176,3.1260718272898593,1.7975934585273787
2.5225089941451584,3.1262016840687616,1.7986866488617008
2.52198419520527,3.126329909974723,1.79977995538111
2.5214582586751693,3.1264564998756765,1.8008733782589281
2.5209311818871143,3.126581448590544,1.8019669176695134
2.520402962145201,3.1267047508888175,1.8030605737882597
2.519873596725161,3.126826401490135,1.8041543467915941
2.519343082874151,3.126946395063849,1.8052482368569769
2.5188114178105434,3.12706472622859,1.8063422441628985
2.5182785987237075,3.12718138955182,1.8074363688888782
2.5177446227737934,3.1272963795493816,1.8085306112154615
2.5172094870915065,3.12740969068504,1.8096249713242183
2.516673188777881,3.1275213173700167,1.8107194493977397
2.5161357249040495,3.127631253962517,1.8118140456196354
2.515597092511008,3.1277394947672486,1.8129087601745306
2.515057288609376,3.1278460340349366,1.8140035932480625
2.5145163101791557,3.1279508659618256,1.815098545026877
2.513974154169483,3.128053984689179,1.816193615698625
2.513430817498378,3.128155384302768,1.8172888054519571
2.5128862970524874,3.128255058832353,1.8183841144765214
2.5123405896868283,3.128353002251158,1.8194795429629567
2.511793692224521,3.128449208475337,1.820575091102889
2.5112456014565243,3.12854367136343,1.821670759088926
2.510696314141359,3.1286363847158136,1.8227665471146515
2.5101458270048336,3.1287273422741424,1.8238624553746194
2.5095941367397616,3.1288165377207804,1.8249584840643485
2.509041240005676,3.1289039646782246,1.826054633380315
2.508487133428538,3.128989616708521,1.8271509035199465
2.507931813600441,3.1290734873126693,1.8282472946816148
2.5073752770793103,3.1291555699300218,1.829343807064629
2.5068175203885983,3.129235857937669,1.8304404408692267
2.506258540016974,3.1293143446498193,1.8315371962965672
2.5056983324180075,3.1293910233171673,1.8326340735487219
2.5051368940098495,3.129465887126253,1.8337310728286664
2.5045742211749067,3.1295389291988123,1.834828194340271
2.50401031025951,3.129610142591114,1.8359254382882908
2.5034451575735797,3.129679520293292,1.8370228048783566
2.502878759390282,3.1297470552286617,1.8381202943169632
2.5023111119456845,3.129812740253031,1.83921790681146
2.5017422114384007,3.129876568153996,1.8403156425700387
2.5011720540292353,3.12993853165023,1.8414135018017217
2.500600635840817,3.129998623390759,1.8425114847163506
2.5000279529572302,3.130056835954225,1.8436095915245727
2.4994540014236404,3.130113161848143,1.8447078224378286
2.49887877724591,3.1301675935081406,1.8458061776683379
2.4983022763902114,3.1302201232971885,1.8469046574290853
2.497724494782634,3.1302707435048203,1.8480032619338063
2.4971454283087815,3.1303194463463377,1.8491019913969713
2.4965650728133677,3.130366223962005,1.8502008460337702
2.4959834240998005,3.1304110684162305,1.8512998260600961
2.495400477929763,3.130453971696735,1.8523989316925278
2.494816230022787,3.1304949257137062,1.853498163148313
2.494230676055819,3.130533922298945,1.8545975206453496
2.4936438116627784,3.13057095320499,1.8556970044021668
2.493055632434111,3.1306060101042354,1.8567966146379058
2.4924661339163334,3.130639084588032,1.8578963515722997
2.491875311611571,3.130670168165774,1.8589962154256523
2.491283160977087,3.1306992522639723,1.8600962064188167
2.4906896774248053,3.130726328225312,1.8611963247731727
2.490094856320826,3.130751387307696,1.8622965707106043
2.4894986929849305,3.1307744206832746,1.863396944453475
2.4889011826900824,3.130795419437454,1.8644974462246038
2.4883023206619157,3.1308143745678976,1.865598076247239
2.4877021020782193,3.130831276983503,1.8666988347450326
2.487100522068409,3.1308461175033684,1.8677997219420122
2.486497575712993,3.1308588868557403,1.8689007380625533
2.485893258043029,3.1308695756769427,1.87000188333135
2.4852875640395715,3.1308781745102925,1.8711031579733854
2.484680488633109,3.130884673804994,1.8722045622138999
2.4840720267029943,3.1308890639150175,1.8733060962783592
2.483462173076863,3.130891335097959,1.8744077603924219
2.482850922530044,3.1308914775138796,1.8755095547819045
2.4822382697849594,3.1308894812241306,1.8766114796727467
2.4816242095105148,3.130885336190154,1.8777135352909744
2.481008736321479,3.1308790322722673,1.8788157218626629
2.4803918447778535,3.1308705592284243,1.879918039613897
2.479773529384232,3.13085990671296,1.8810204887707322
2.479153784589147,3.130847064275311,1.8821230695591522
2.4785326047844105,3.1308320213587173,1.883225782205027
2.477909984304435,3.1308147672988995,1.8843286269340684
2.4772859174255526,3.130795291322717,1.8854316039717856
2.4766603983653144,3.1307735825468015,1.8865347135434367
2.4760334212817843,3.130749629976169,1.887637955873982
2.4754049802728164,3.130723422502806,1.888741331188033
2.474775069375322,3.130694948904237,1.8898448397098015
2.4741436825645238,3.1306641978420604,1.8909484816630466
2.473510813753196,3.130631157860465,1.8920522572710199
2.4728764567908943,3.13059581738472,1.8931561667564087
2.4722406054631683,3.1305581647196377,1.8942602103412784
2.471603253490764,3.1305181880480117,1.8953643882470121
2.470964394528811,3.1304758754290263,1.8964687006942484
2.4703240221659937,3.1304312147966398,1.8975731479028186
2.4696821299237124,3.1303841939579398,1.8986777300916793
2.4690387112552243,3.1303348005914686,1.8997824474788458
2.468393759544774,3.130283022245522,1.9008873002813218
2.467747268106705,3.130228846336414,1.9019922887150262
2.4670992301845582,3.130172260146716,1.9030974129947202
2.4664496389501527,3.130113250823462,1.904202673333929
2.4657984875026506,3.1300518053763224,1.9053080699448635
2.4651457688676053,3.1299879106757458,1.9064136030383385
2.464491475995992,3.1299215534510685,1.907519272823688
2.4638356017632232,3.129852720288588,1.9086250795086792
2.463178138968141,3.129781397629605,1.9097310232994218
2.462519080331998,3.1297075717684293,1.9108371044002765
2.461858418497413,3.129631228850346,1.9119433230137597
2.4611961460273135,3.1295523548695514,1.9130496793404446
2.4605322554038542,3.129470935667047,1.9141561735788608
2.459866739027318,3.1293869569284953,1.9152628059253891
2.459199589214996,3.129300404182039,1.9163695765741542
2.4585307982000466,3.1292112627960775,1.9174764857169135
2.457860358130335,3.1291195179770033,1.9185835335429424
2.4571882610672473,3.1290251547668975,1.9196907202389164
2.4565144989844865,3.128928158041181,1.9207980459887888
2.4558390637668435,3.128828512506224,1.9219055109736651
2.4551619472089445,3.128726202696908,1.9230131153716739
2.4544831410139776,3.1286212129741453,1.9241208593578323
2.4538026367923904,3.128513527522349,1.9252287431039088
2.453120426060568,3.128403130346856,1.9263367667782803
2.4524365002394815,3.1282900052713045,1.927444930545786
2.4517508506533123,3.1281741359349557,1.928553234567575
2.45106346852805,3.1280555057899675,1.929661679000952
2.4503743449900623,3.127934098098617,1.9307702639992135
2.449683471064637,3.1278098959304677,1.9318789897114839
2.4489908376744967,3.127682882159482,1.9329878562825427
2.4482964356382833,3.127553039461078,1.934096863852648
2.447600255669012,3.127420350309131,1.9352060125573536
2.446902288372497,3.127284796972911,1.936315302527321
2.4462025242457424,3.1271463615139674,1.9374247338881248
2.445500953675304,3.127005025782945,1.9385343067600518
2.444797566935618,3.126860771416343,1.939644021257894
2.4440923541872936,3.1267135798332055,1.9407538774907351
2.443385305475375,3.1265634322317486,1.9418638755617297
2.4426764107275627,3.1264103095859177,1.9429740155678756
2.441965659752405,3.1262541926418774,1.944084297599779
2.441253042237447,3.12609506191443,1.9451947217414112
2.4405385477473445,3.1259328976833607,1.9463052880698586
2.4398221657219383,3.125767679989709,1.9474159966550642
2.4391038854742884,3.125599388631965,1.9485268475595603
2.4383836961886662,3.1254280031621837,1.9496378408381925
2.4376615869185074,3.1252535028820243,1.9507489765378352
2.4369375465843186,3.1250758668387046,1.9518602546970976
2.436211563971543,3.1248950738208707,1.9529716753460196
