x,y,z
3.2431343188661286,3.562996042072734,3.9861652008264947
3.2433974590167227,3.563380077326702,3.9866383551256748
3.243660237302945,3.5637636897158163,3.987110544098175
3.243922653508127,3.5641468782601655,3.9875817668058313
3.244184707412656,3.564529641979829,3.9880520223082634
3.2444463987939662,3.5649119798948874,3.988521309662879
3.244707727426531,3.565293891025428,3.9889896279248784
3.2449686930818546,3.5656753743915552,3.9894569761472622
3.245229295528465,3.5660564290133983,3.9899233533808354
3.245489534531904,3.566437053911121,3.9903887586742126
3.2457494098547204,3.5668172481049307,3.990853191073826
3.2460089212564602,3.5671970106150876,3.9913166496239305
3.24626806849366,3.5675763404619145,3.9917791333666095
3.2465268513198366,3.567955236665808,3.9922406413417826
3.2467852694854806,3.5683336982472476,3.9927011725872115
3.247043322738047,3.568711724226807,3.993160726138508
3.247301010821946,3.5690893136251653,3.9936193010291396
3.2475583334785365,3.569466465463118,3.994076896290439
3.2478152904461144,3.5698431787615883,3.9945335109516087
3.248071881459907,3.5702194525416386,3.9949891440397316
3.248328106252064,3.570595285824485,3.995443794579778
3.2485839645516457,3.5709706776315064,3.995897461594612
3.2488394560846188,3.57134562698426,3.9963501441050036
3.2490945805738445,3.571720132904493,3.996801841129633
3.2493493377390705,3.5720941944141575,3.9972525516851034
3.2496037272969236,3.5724678105354215,3.9977022747859463
3.2498577489608986,3.5728409802906858,3.998151009444634
3.2501114024413513,3.573213702702597,3.998598754671587
3.2503646874454883,3.573585976794063,3.9990455094751844
3.250617603677359,3.5739578015882674,3.999491272861774
3.250870150837846,3.574329176108685,3.999936043835682
3.2511223286246578,3.574700099379099,4.000379821399225
3.251374136732317,3.575070570423615,4.0008226045527175
3.251625574852153,3.575440588266679,4.001264392294486
3.2518766426722943,3.5758101519330934,4.001705183620878
3.252127339877656,3.5761792604480354,4.002144977526275
3.2523776661499335,3.5765479128370736,4.002583773003104
3.2526276211675924,3.5769161081261864,4.003021569041847
3.25287720460586,3.57728384534178,4.003458364631057
3.2531264161367157,3.5776511235107082,4.003894158757369
3.253375255428881,3.5780179416602906,4.00432895040551
3.253623722147812,3.5783842988183325,4.004762738558317
3.253871815955689,3.578750194013145,4.005195522196747
3.254119536511408,3.579115626273565,4.0056273002998894
3.254366883470571,3.579480594628976,4.0060580718449845
3.254613856485477,3.5798450981093306,4.006487835807435
3.2548604552051135,3.5802091357451706,4.0069165911608176
3.2551066792751446,3.58057270656765,4.007344336876904
3.2553525283379057,3.580935809608556,4.007771071925672
3.255598002032391,3.5812984439003346,4.00819679527532
3.2558430999942463,3.5816606084761125,4.008621505892287
3.256087821855758,3.58202230236972,4.009045202741264
3.256332167245845,3.582383524615718,4.009467884785214
3.25657613579005,3.58274427424942,4.0098895509853865
3.256819727110527,3.583104550306919,4.010310200301335
3.257062940826037,3.5834643518251137,4.010729831690935
3.257305776551935,3.5838236778417327,4.011148444110401
3.2575482339001613,3.584182527395363,4.011566036514306
3.2577903124792336,3.5845408995254777,4.0119826078555985
3.2580320118942363,3.5848987932724614,4.012398157085621
3.2582733317468127,3.585256207677641,4.012812683154131
3.2585142716351543,3.5856131417833135,4.013226185009319
3.2587548311539924,3.5859695946327745,4.01363866159783
3.258995009894589,3.58632556527035,4.014050111864782
3.2592348074447264,3.5866810527414246,4.014460534753786
3.2594742233887,3.5870360560924746,4.014869929206972
3.259713257307308,3.5873905743710974,4.015278294165005
3.259951908777842,3.5877446066260457,4.015685628567109
3.2601901773740787,3.5880981519072583,4.01609193135109
3.26042806266627,3.588451209265895,4.016497201453358
3.260665564221135,3.5888037777543693,4.016901437808952
3.26090268160185,3.589155856426383,4.017304639351558
3.261139414368039,3.589507444336962,4.01770680501354
3.2613757620757675,3.5898585405424916,4.018107933725962
3.2616117242775307,3.590209144100752,4.018508024418611
3.2618473005222453,3.590559254070956,4.018907076020024
3.2620824903552417,3.590908869513787,4.0193050874575125
3.262317293318254,3.5912579894914356,4.019702057657193
3.2625517089494127,3.5916066130676407,4.02009798554401
3.2627857367832345,3.591954739307728,4.020492870041762
3.263019376350614,3.5923023672786485,4.0208867100731345
3.263252627178816,3.592649496049023,4.021279504559724
3.2634854887914666,3.5929961246891806,4.021671252422067
3.2637179607085436,3.593342252271203,4.022061952579673
3.2639500424463703,3.5936878778689656,4.022451603951049
3.264181733517605,3.5940330005581838,4.022840205453735
3.2644130334312345,3.594377619416455,4.0232277560043315
3.2646439416925648,3.594721733523306,4.023614254518532
3.264874457803213,3.5950653419602374,4.023999699911156
3.2651045812610997,3.595408443810771,4.024384091096179
3.2653343115604416,3.595751038160498,4.024767426986769
3.2655636481917427,3.5960931240971257,4.025149706495318
3.265792590641787,3.5964347007105286,4.025530928533477
3.2660211383936297,3.5967757670927973,4.02591109201219
3.2662492909265923,3.597116322338289,4.026290195841731
3.266477047716253,3.597456365543681,4.02666823893174
3.2667044082344385,3.59779589580802,4.027045220191259
3.26693137194922,3.5981349122327786,4.02742113852877
3.267157938324903,3.598473413921908,4.027795992852232
3.2673841068220226,3.598811399981894,4.028169782069119
3.267609876897334,3.5991488695218106,4.028542505086464
3.267835248003808,3.59948582165338,4.028914160810894
3.2680602195906236,3.5998222554910297,4.029284748148672
3.2682847911031616,3.6001581701519494,4.029654266005742
3.268508961982998,3.600493564756153,4.030022713287763
3.2687327316678974,3.6008284384265385,4.030390088900162
3.2689560995918088,3.6011627902889494,4.030756391748168
3.269179065184857,3.6014966194722375,4.031121620736865
3.269401627873339,3.6018299251083272,4.03148577477123
3.2696237870797176,3.6021627063322796,4.031848852756182
3.269845542222616,3.6024949622823583,4.032210853596629
3.2700668927168124,3.602826692100096,4.032571776197513
3.2702878379732354,3.603157894930364,4.032931619463861
3.270508377398959,3.603488569921439,4.033290382300832
3.2707285103971984,3.603818716225074,4.033648063613767
3.270948236367304,3.60414833299657,4.034004662308241
3.271167554704759,3.604477419394847,4.034360177290111
3.271386464801174,3.6048059745825203,4.034714607465573
3.271604966044284,3.6051339977259715,4.035067951741212
3.2718230578179446,3.6054614879954268,4.035420209024055
3.272040739502128,3.6057884445650323,4.035771378221631
3.2722580104729215,3.6061148666129346,4.036121458242021
3.2724748701025224,3.606440753321358,4.036470447993917
3.272691317759237,3.606766103876686,4.036818346386682
3.2729073528074784,3.607090917469544,4.037165152330404
3.273122974607763,3.607415193294881,4.03751086473596
3.273338182516709,3.607738930552056,4.0378554825150745
3.273552975887037,3.608062128444923,4.03819900458038
3.2737673540675654,3.608384786181918,4.038541429845481
3.2739813164032117,3.608706902976148,4.03888275722502
3.2741948622349915,3.6090284780454813,4.039222985634734
3.274407990900018,3.6093495106126388,4.039562113991532
3.274620701731502,3.6096699999052864,4.0399001412135505
3.2748329940587517,3.60998994515613,4.040237066220229
3.2750448672071744,3.610309345603011,4.040572887932374
3.275256320498277,3.6106282004890033,4.040907605272233
3.2754673532496676,3.6109465090625124,4.041241217163564
3.275677964775057,3.611264270577376,4.041573722531705
3.275888154384261,3.6115814842929654,4.041905120303654
3.2760979213832027,3.61189814947429,4.042235409408137
3.2763072650739162,3.6122142653921,4.04256458877569
3.2765161847545494,3.6125298313229974,4.042892657338729
3.2767246797193676,3.6128448465495397,4.043219614031635
3.2769327492587585,3.613159310360353,4.04354545779083
3.277140392659236,3.6134732220502426,4.043870187554859
3.2773476092034457,3.6137865809203076,4.044193802264473
3.2775543981701714,3.614099386278055,4.04451630086271
3.277760758834339,3.6144116374375175,4.0448376822949825
3.2779666904670264,3.614723333719372,4.045157945509164
3.2781721923354668,3.6150344744510607,4.045477089455674
3.2783772637030593,3.6153450589669136,4.04579511308757
3.2785819038293758,3.6156550866082733,4.046112015360634
3.27878611197017,3.615964556723621,4.046427795233469
3.278989887377386,3.6162734686687044,4.04674245166759
3.27919322929917,3.61658182180667,4.047055983627518
3.279396136979879,3.6168896155081938,4.047368390080881
3.2795986096600926,3.617196849151616,4.047679669998505
3.2798006465766236,3.6175035221230782,4.047989822354519
3.2800022469625323,3.617809633816662,4.048298846126454
3.2802034100471382,3.618115183634529,4.048606740295346
3.2804041350560342,3.618420170987064,4.048913503845841
3.2806044212111005,3.6187245952930223,4.0492191357663
3.28080426773052,3.6190284559796733,4.049523635048907
3.2810036738287933,3.6193317524829536,4.049827000689779
3.2812026387167568,3.6196344842476176,4.050129231689078
3.281401161601599,3.619936650727392,4.050430327051121
3.281599241686878,3.6202382513851328,4.050730285784499
3.281796878172542,3.620539285692984,4.05102910690219
3.281994070254948,3.6208397531325405,4.051326789421679
3.2821908171268825,3.6211396531950113,4.051623332365078
3.2823871179775823,3.621438985381386,4.0519187347592505
3.2825829719927575,3.621737749202606,4.052212995635932
3.282778378354615,3.622035944179734,4.052506114031859
3.282973336241883,3.622333569844129,4.052798088988896
3.2831678448298334,3.622630625737626,4.053088919554168
3.283361903290311,3.622927111412714,4.053378604780187
3.28355551079176,3.623223026432718,4.053667143724996
3.2837486664992492,3.623518370371988,4.053954535452297
3.283941369574506,3.6238131428160845,4.054240779031593
3.2841336191759427,3.6241073433619713,4.054525873538331
3.2843254144586895,3.62440097161821,4.054809818054043
3.284516754574626,3.6246940272051575,4.055092611666492
3.2847076386724154,3.624986509755167,4.055374253469819
3.2848980658975404,3.6252784189127896,4.055654742564697
3.2850880353923366,3.625569754334985,4.055934078058479
3.285277546296032,3.625860515691329,4.056212259065357
3.285466597744785,3.6261507026642263,4.056489284706517
3.2856551888717225,3.62644031494913,4.0567651541103
3.2858433188069847,3.626729352254759,4.057039866412365
3.2860309866777637,3.6270178143033225,4.057313420755854
3.2862181916083504,3.6273057008307488,4.057585816291562
3.2864049327201776,3.6275930115869133,4.057857052178104
3.286591209131869,3.627879746335874,4.0581271275820905
3.286777019959286,3.6281659048561092,4.0583960416783045
3.286962364315578,3.6284514869407594,4.058663793649879
3.2871472413112346,3.628736492397872,4.058930382688481
3.2873316500541376,3.629020921050652,4.059195807994493
3.287515589649617,3.6293047727377132,4.059460068777204
3.2876990592005066,3.6295880473133377,4.059723164254999
3.2878820578072028,3.629870744647735,4.059985093655552
3.288064584567724,3.6301528646273082,4.060245856216026
3.2882466385777733,3.6304344071549246,4.06050545118327
3.2884282189308016,3.6307153721501875,4.060763877814026
3.288609324718074,3.630995759549716,4.061021135375131
3.2887899550287365,3.6312755693074266,4.0612772231437315
3.288970108949887,3.6315548013948202,4.061532140407496
3.2891497855666456,3.631833455801275,4.06178588646483
3.2893289839622297,3.63211153253434,4.062038460625098
3.2895077032180295,3.632389031620038,4.06228986220885
3.289685942413686,3.6326659531031718,4.062540090548043
3.289863700627173,3.632942297047632,4.0627891449862785
3.2900409769348786,3.6332180635367157,4.063037024879034
3.2902177704116906,3.633493252673444,4.063283729593906
3.2903940801310854,3.63376786458089,4.063529258510848
3.2905699051652175,3.6340418994025083,4.0637736110224205
3.290745244585013,3.634315357302471,4.064016786534041
3.290920097460264,3.63458823846601,4.06425878446424
3.291094462859729,3.6348605430997636,4.064499604244919
3.2912683398512317,3.6351322714321292,4.064739245321613
3.291441727501767,3.635403423713621,4.064977707153761
3.291614624877606,3.6356740002172336,4.065214989214978
3.291787031044408,3.635944001238814,4.065451090993327
3.2919589450673317,3.636213427097434,4.065686011991606
3.2921303660111514,3.6364822781357753,4.065919751727631
3.2923012929403783,3.6367505547205146,4.066152309734527
3.292471724919381,3.63701825724272,4.0663836855610205
3.292641661012513,3.63728538611825,4.066613878771745
3.2928111002842413,3.6375519417881628,4.0668428889475425
3.2929800417992805,3.6378179247191262,4.067070715685773
3.2931484846227295,3.6380833354038424,4.067297358600632
3.2933164278202116,3.638348174361471,4.067522817323469
3.293483870458019,3.638612442138067,4.067747091503114
3.293650811603263,3.6388761393070177,4.06797018080621
3.2938172503240226,3.6391392664694955,4.068192084917545
3.293983185689506,3.639401824254909,4.068412803540399
3.294148616770208,3.63966381332137,4.068632336396889
3.2943135426380774,3.6399252343561597,4.068850683228324
3.2944779623666856,3.6401860880762107,4.069067843795562
3.294641875031401,3.6404463752285903,4.069283817879376
3.294805279709569,3.6407060965909945,4.0694986052808275
3.2949681754806965,3.6409652529722507,4.069712205821641
3.295130561426639,3.6412238452128265,4.069924619344587
3.295292436631796,3.641481874185347,4.070135845713874
3.2954538001833105,3.6417393407951226,4.070345884815543
3.295614651171273,3.6419962459806827,4.070554736557872
3.2957749886889327,3.642252590714319,4.070762400871781
3.2959348118329124,3.6425083760026373,4.070968877711254
3.29609411970343,3.6427636028871193,4.071174167053752
3.296252911404527,3.6430182724446913,4.071378268900654
3.296411186044302,3.6432723857883023,4.071581183277682
3.29656894273515,3.643525944067513,4.071782910235353
3.2967261805940096,3.643778948469092,4.07198344984942
3.296882898742614,3.6440314002176213,4.072182802221339
3.297039096307753,3.644283300576113,4.072380967478725
3.2971947724215385,3.644534650846633,4.0725779457758255
3.2973499262216763,3.6447854523709364,4.0727737372940025
3.29750455685175,3.6450357065311096,4.072968342242214
3.2976586634615064,3.6452854147502247,4.0731617608575075
3.2978122452071523,3.6455345784930024,4.073353993405523
3.2979653012516574,3.6457831992664835,4.0735450401809965
3.2981178307650665,3.6460312786207107,4.073734901508278
3.298269832924818,3.64627881814942,4.073923577741849
3.2984213069160706,3.6465258194907397,4.074111069266855
3.298572251932042,3.6467722843279016,4.074297376499639
3.2987226671743506,3.6470182143899574,4.074482499888285
3.2988725518533704,3.6472636114525074,4.074666439913166
3.299021905188593,3.647508477338435,4.074849197087497
3.2991707264089993,3.6477528139186517,4.075030771957899
3.299319014753438,3.6479966231128453,4.075211165104967
3.2994667694710187,3.6482399068902422,4.075390377143839
3.2996139898215073,3.6484826672703705,4.0755684087247745
3.2997606750757384,3.648724906323832,4.075745260533736
3.299906824516032,3.648966626173079,4.075920933292975
3.3000524374366207,3.6492078289931946,4.07609542776162
3.300197513144089,3.649448517012678,4.076268744736267
3.30034205095782,3.64968869251423,4.0764408850515705
3.300486050210453,3.6499283578355404,4.076611849580836
3.3006295102483496,3.6501675153700757,4.07678163923661
3.30077243043207,3.6504061675678603,4.07695025497127
3.3009148101368573,3.650644316936257,4.077117697777606
3.3010566487531334,3.650881966040738,4.077283968689398
3.301197945686999,3.6511191175056474,4.077449068781984
3.3013387003607457,3.651355774014948,4.077612999172823
3.301478912213373,3.651591938312953,4.07777576102203
3.301618580701113,3.651827613205038,4.077937355532909
3.3017577052979594,3.6520628015583236,4.078097783952455
3.3018962854962024,3.6522975063023297,4.078257047571832
3.3020343208069662,3.65253173042959,4.078415147726826
3.3021718107607474,3.6527654769962226,4.078572085798253
3.3023087549079526,3.652998749122448,4.078727863212331
3.302445152819435,3.6532315499930426,4.078882481440993
3.302581004087023,3.6534638828577206,4.079035942002153
3.302716308324041,3.6536957510314276,4.07918824645989
3.302851065165818,3.6539271578945356,4.079339396424558
3.3029852742701764,3.6541581068929205,4.079489393552801
3.3031189353179014,3.6543886015379026,4.079638239547456
3.303252048013179,3.654618645406031,4.079785936157335
3.303384612083998,3.654848242138684,4.079932485176855
3.3035166272825083,3.655077395441459,4.080077888445499
3.303648093385321,3.6553061090833165,4.080222147847083
3.303779010193746,3.655534386895442,4.0803652653087985
3.3039093775339423,3.6557622327697814,4.080507242799985
3.3040391952569794,3.6559896506571974,4.0806480823306135
3.3041684632387742,3.6562166445651947,4.080787785949409
3.304297181379895,3.656443218555139,4.080926355741579
3.3044253496052005,3.6566693767389014,4.0810637938260825
3.3045529678632843,3.656895123274834,4.081200102352361
3.304680036125693,3.6571204623629856,4.081335283496463
3.3048065543858742,3.657345398239434,4.081469339456463
3.304932522657813,3.6575699351696147,4.081602272447086
3.305057940974301,3.657794077440496,4.0817340846934025
3.3051828093847813,3.658017829351444,4.081864778423484
3.3053071279527013,3.658241195203595,4.081994355859869
3.3054308967522985,3.658464179287539,4.082122819209678
3.305554115864738,3.658686785869111,4.082250170653231
3.305676785373515,3.6589090191730613,4.0823764123309685
3.3057989053590258,3.6591308833643867,4.08250154632851
3.305920475892219,3.6593523825271017,4.082625574659687
3.306041497027231,3.6595735206402535,4.0827484992473755
3.306161968792927,3.659794301551025,4.082870321902021
3.3062818911832883,3.660014728944836,4.08299104429779
3.306401264146608,3.6602348063124572,4.083110667946344
3.3065200875735186,3.6604545369142816,4.08322919416838
3.3066383612839187,3.660673923742085,4.0833466240631955
3.306756085012953,3.660892969478816,4.083462958476707
3.306873258396284,3.6611116764572054,4.083578197968573
3.3069898809549922,3.6613300466182443,4.083692342779255
3.3071059520805415,3.66154808147081,4.083805392798033
3.3072214710203136,3.6617657820539073,4.083917347533172
3.3073364368642775,3.661983148903089,4.084028206085451
3.3074508485333576,3.6622001820225547,4.084137967126286
3.3075647047700123,3.662416880864254,4.084246628881466
3.3076780041314358,3.6626332443149683,4.084354189121292
3.307790744985636,3.662849270691887,4.084460645157501
3.3079029255104744,3.663064957746685,4.084565993846984
3.3080145436955544,3.663280302677597,4.084670231601873
3.3081255973467028,3.6634953021485606,4.084773354405237
3.308236084092646,3.6637099523141816,4.0848753578314
3.3083460013934283,3.663924248849124,4.084976237069743
3.3084553465500766,3.6641381869804905,4.085075986950843
3.308564116715051,3.664351761521857,4.085174601973885
3.308672308903062,3.6645649669077907,4.085272076334415
3.3087799200018995,3.6647777972278917,4.085368403951655
3.308886946783004,3.664990246259631,4.085463578494825
3.308993385911573,3.6652023074994555,4.085557593408037
3.3090992339560614,3.665413974191829,4.08565044193351
3.3092044873970043,3.6656252393560265,4.08574211713296
3.309309142635111,3.6658360958106178,4.085832611907126
3.3094131959986304,3.6660465361956653,4.085921919013446
3.309516643750003,3.666256552992727,4.086010031081965
3.3096194820918368,3.666466138542785,4.086096940629582
3.3097217071722476,3.666675285062257,4.086182640072742
3.3098233150896115,3.666883984657246,4.086267121738731
3.3099243018967845,3.6670922293361916,4.0863503778756725
3.310024663604837,3.6673000110210836,4.0864324006613835
3.310124396186352,3.6675073215573817,4.086513182211191
3.3102234955783296,3.667714152722784,4.086592714584828
3.3103219576847507,3.6679204962349723,4.086670989792511
3.3104197783788205,3.668126343758448,4.08674799980029
3.3105169535049446,3.6683316869105607,4.086823736534758
3.310613478880456,3.6685365172668254,4.086898191887196
3.3107093502971305,3.668740826365611,4.0869713577172
3.310804563522505,3.6689446057122708,4.087043225855888
3.310899114301031,3.6691478467827787,4.087113788108698
3.3109929983550748,3.6693505410269354,4.087183036257844
3.311086211385789,3.6695526798711855,4.0872509620644735
3.3111787490738607,3.669754254721095,4.087317557270545
3.3112706070801607,3.669955256963528,4.087382813600471
3.3113617810462963,3.670155677968555,4.08744672276255
3.3114522665950834,3.6703555090911224,4.087509276450207
3.311542059330945,3.6705547416725133,4.087570466343067
3.3116311548402435,3.6707533670416184,4.0876302841078855
3.3117195486915576,3.6709513765160393,4.08768872139934
3.3118072364359037,3.671148761403042,4.087745769860706
3.311894213606912,3.6713455130003783,4.087801421124427
3.311980475720961,3.6715416225969832,4.087855666812591
3.3120660182772754,3.6717370814735695,4.087908498537324
3.3121508367579873,3.6719318809031214,4.0879599079011
3.3122349266281685,3.672126012151303,4.088009886496991
3.312318283335837,3.6723194664767864,4.088058425908852
3.3124009023119334,3.6725122351315096,4.088105517711449
3.3124827789702795,3.6727043093608676,4.088151153470537
3.312563908707513,3.6728956804038466,4.088195324742888
3.312644286903004,3.673086339493103,4.088238023076291
3.3127239089187532,3.673276277854992,4.088279240009491
3.3128027700992737,3.673465486709552,4.088318967072116
3.31288086577146,3.673653957270448,4.0883571957845515
3.312958191244441,3.673841680744874,4.088393917657801
3.313034741809417,3.6740286483334206,4.088429124193309
3.3131105127394926,3.6742148512299093,4.0884628068827595
3.3131854992894896,3.674400280621196,4.088494957207857
3.313259696695752,3.6745849276869427,4.088525566640074
3.3133331001759436,3.6747687835993643,4.08855462664039
3.31340570492883,3.674951839522948,4.088582128658996
3.313477506134056,3.6751340866141478,4.088608064134994
3.31354849895191,3.6753155160210533,4.08863242449607
3.3136186785230834,3.6754961188830406,4.08865520115815
3.313688039968417,3.6756758863303953,4.088676385525043
3.3137565783886416,3.6758548094839196,4.088695968988068
3.31382428886411,3.676032879454514,4.088713942925657
3.31389116645452,3.6762100873427426,4.088730298702956
3.31395720619863,3.6763864242383777,4.088745027671401
3.3140224031139662,3.6765618812199237,4.088758121168285
3.3140867521965207,3.676736449354124,4.088769570516307
3.3141502484204435,3.676910119695449,4.088779367023112
3.3142128867377254,3.677082883285563,4.08878750198081
3.3142746620778722,3.6772547311527766,4.088793966665488
3.3143355693475725,3.6774256543114783,4.088798752336706
3.3143956034303543,3.677595643761547,4.088801850236978
3.314454759186237,3.677764690487748,4.088803251591239
3.314513031451371,3.677932785459111,4.088802947606302
3.314570415037672,3.678099919628284,4.088800929470299
3.3146269047324433,3.678266083930879,4.088797188352104
3.3146824952979923,3.678431269284786,4.088791715400752
3.314737181471236,3.6785954665894773,4.088784501744831
3.314790957963295,3.67875866672529,4.088775538491873
3.314843819459083,3.6789208605526844,4.0887648167277195
3.3148957606168814,3.6790820389114898,4.088752327515878
3.3149467760679063,3.6792421926201224,4.08873806189686
3.314996860415863,3.679401312474787,4.088722010887511
3.315046008236491,3.6795593892486544,4.088704165480312
3.3150942140770985,3.67971641369102,4.088684516642678
3.3151414724560806,3.6798723765264367,4.08866305531623
3.315187777862431,3.680027268453825,4.08863977241606
3.3152331247552356,3.680181080145561,4.0886146588299646
3.315277507563158,3.6803338022465386,4.088587705417676
3.3153209206839054,3.680485425373206,4.088558903010062
3.315363358483683,3.680635940112575,4.088528242408316
3.3154048152966324,3.6807853370212045,4.088495714383115
3.3154452854242527,3.6809336066241527,4.088461309673774
3.315484763134805,3.6810807394139022,4.08842501898736
3.315523242662696,3.68122672584925,4.088386832997793
3.3155607182078457,3.681371556354167,4.088346742344924
3.31559718393503,3.681515221316621,4.088304737633579
3.3156326339732005,3.681657711087361,4.088260809432586
3.315667062414783,3.681799015978664,4.088214948273761
3.3157004633149443,3.6819391262630377,4.088167144650874
3.3157328306908327,3.6820780321718782,4.088117389018573
3.315764158520786,3.682215723894077,4.08806567179128
3.3157944407435025,3.6823521915745747,4.088011983342033
3.3158236712571765,3.6824874253128597,4.087956314001309
3.3158518439185882,3.6826214151613996,4.087898654055771
3.3158789525421497,3.6827541511240063,4.087838993746995
3.315904990898898,3.6828856231541267,4.087777323270118
3.3159299527154316,3.6830158211530506,4.087713632772434
3.3159538316727866,3.683144734968031,4.087647912351932
3.3159766214052437,3.6832723543903074,4.087580152055751
3.315998315499064,3.6833986691530303,4.087510341878567
3.3160189074911464,3.6835236689290705,4.087438471760897
3.3160383908676025,3.6836473433287216,4.087364531587319
3.3160567590622496,3.683769681897283,4.087288511184611
3.3160740054550195,3.68389067411253,4.087210400319801
3.3160901233702873,3.6840103093820806,4.087130188698143
3.3161051060751325,3.6841285770406675,4.087047865961028
3.316118946777547,3.6842454663473503,4.08696342168385
3.3161316386246122,3.6843609664826955,4.086876845373853
3.3161431747006835,3.684475066545977,4.086788126467994
3.3161535480256137,3.684587755552463,4.086697254330882
3.3161627515530743,3.6846990224308516,4.0866042182528295
3.316170778169017,3.6848088560209464,4.086509007448088
3.3161776206903317,3.6849172450716376,4.086411611053319
3.3161832718637454,3.6850241782392663,4.08631201812636
3.316187724364993,3.6851296440864236,4.086210217645315
3.316190970798282,3.6852336310812124,4.086106198507992
3.3161930036960428,3.6853361275969743,4.085999949531702
3.3161938155189534,3.6854371219124578,4.085891459453372
3.3161933986561967,3.685536602212379,4.0857807169299605
3.3161917454259076,3.685634556588309,4.085667710539109
3.316188848075762,3.6857309730398176,4.085552428779982
3.316184698783656,3.685825839475798,4.085434860074236
3.3161792896584323,3.6859191437159096,4.0853149927670716
3.316172612740614,3.6860108734920765,4.08519281512832
3.3161646600031234,3.686101016450003,4.085068315353535
3.316155423351957,3.6861895601506682,4.084941481565069
3.31614489462681,3.686276492071781,4.084812301813108
3.3161330656016434,3.6863617996091786,4.084680764076661
3.316119927985185,3.686445470078166,4.084546856264506
3.316105473421375,3.686527490714794,4.084410566216079
3.316089693489749,3.6866078486770775,4.08427188170232
3.3160725797057777,3.6866865310461616,4.084130790426477
3.316054123521152,3.68676352482744,4.083987280024867
3.316034316324031,3.686838816951634,4.083841338067612
3.316013149439259,3.686912394275839,4.0836929520593435
3.3159906141285482,3.6869842435845457,4.08354210943989
3.3159667015906416,3.6870543515906435,4.083388797584943
3.3159414029614562,3.687122704936411,4.083233003806721
3.3159147093142125,3.6871892901945005,4.083074715354618
3.3158866116595522,3.6872540938689213,4.082913919415855
3.3158571009456512,3.687317102396027,4.082750603116131
3.315826168058326,3.6873783021455098,4.082584753520277
3.315793803821142,3.6874376794214068,4.082416357632918
3.3157599989955218,3.687495220463123,4.082245402399146
3.315724744280858,3.6875509114464697,4.082071874705202
3.315688030314631,3.687604738484726,4.081895761379171
3.315649847672534,3.687656687629723,4.081717049191697
3.315610186868608,3.6877067448729544,4.081535724856712
3.3155690383553886,3.687754896146715,4.081351775032184
3.3155263925240614,3.6878011273252698,4.081165186320884
3.3154822397046355,3.6878454242260523,4.080975945271182
3.3154365701661264,3.6878877726109023,4.080784038377851
3.315389374116758,3.687928158187332,4.080589452082911
3.3153406417041813,3.687966566609836,4.080392172776491
3.3152903630157087,3.6880029834812333,4.08019218679771
3.315238528078569,3.6880373943540565,4.079989480435603
3.3151851268601806,3.688069784731976,4.079784039930054
3.3151301492684486,3.6881001400712705,4.079575851472777
3.3150735851520783,3.6881284457823433,4.079364901208313
3.3150154243009164,3.6881546872312816,4.079151175235069
3.314955656446313,3.688178849741464,4.078934659606379
3.3148942712615086,3.6882009185952183,4.078715340331606
3.314831258362046,3.6882208790355286,4.0784932033772785
3.3147666073062103,3.688238716267793,4.078268234668251
3.314700307595495,3.6882544154616377,4.078040420088915
3.314632348675096,3.6882679617527807,4.07780974548444
3.3145627199344356,3.6882793402449576,4.077576196662047
3.314491410707718,3.6882885360119007,4.077339759392336
3.314418410274513,3.6882955340993786,4.0771004194106375
3.3143437078603757,3.6883003195272988,4.076858162418415
3.314267292637498,3.688302877291869,4.076612974084708
3.3141891537253945,3.688303192367827,4.076364840047616
3.3141092801916257,3.6883012497107313,4.076113745915832
3.314027661052556,3.688297034259325,4.075859677270212
3.313944285274152,3.6882905309379646,4.075602619665405
3.313859141772819,3.6882817246591215,4.075342558631521
3.3137722194162786,3.688270600325957,4.075079479675846
3.313683507024488,3.6882571428349724,4.074813368284623
3.313592993370603,3.688241337078734,4.074544209924865
3.3135006671819855,3.6882231679486774,4.074271990046238
3.3134065171412574,3.6882026203379956,4.073996694082985
3.313310531887401,3.688179679144605,4.073718307455915
3.3132127000169103,3.688154329274199,4.073436815574449
3.3131130100849897,3.6881265556433895,4.073152203838716
3.3130114506068087,3.6880963431829357,4.07286445764172
3.3129080100588078,3.688063676841063,4.072573562371562
3.3128026768800596,3.6880285415868794,4.072279503413726
3.3126954394736887,3.6879909224138854,4.071982266153432
3.312586286208348,3.6879508043435814,4.071681835978054
3.3124752054197586,3.6879081724291773,4.071378198279603
3.3123621854123075,3.687863011759406,4.071071338457283
3.3122472144607156,3.6878153074624387,4.070761241920122
3.312130280811765,3.6877650447099133,4.0704478940896625
3.3120113726861016,3.687712208721069,4.070131280402742
3.3118904782801,3.687656784766998,4.069811386314338
3.3117675857678073,3.68759875817501,4.069488197300501
3.3116426833029577,3.687538114333117,4.069161698861356
3.3115157590210633,3.687474838694641,4.068831876524197
3.3113868010415857,3.6874089167829416,4.068498715846658
3.3112557974701855,3.687340334196274,4.068162202419972
3.3111227364010576,3.687269076612778,4.067822321872316
3.3109876059193497,3.687195129795595,4.067479059872245
3.3108503941036704,3.6871184795981256,4.067132402132218
3.310711089028686,3.687039111969422,4.066782334412223
3.3105696787678123,3.686957012959726,4.066428842523482
3.310426151395998,3.686872168726147,4.06607191233227
3.310280494992609,3.6867845655384905,4.0657115297638216
3.310132697644412,3.686694189785238,4.065347680806342
3.3099827474486614,3.686601027979676,4.064980351515125
3.3098306325162907,3.686505066766187,4.064609528016768
3.309676340975215,3.6864062929266983,4.0642351965135015
3.3095198609737397,3.686304693387289,4.063857343287625
3.3093611806840895,3.6862002552249704,4.06347595470605
3.309200288306049,3.686092965674628,4.063091017224962
3.309037172070724,3.6859828121361384,4.062702517394593
3.3088718202444265,3.685869782181659,4.06231044186411
3.308704221132683,3.685753863563094,4.061914777386626
3.308534363084371,3.685635044219742,4.061515510824326
3.3083622344959864,3.685513312286123,4.061112629153717
3.3081878238160445,3.6853886560999896,4.060706119471002
3.3080111195496147,3.6852610642105272,4.060295968997572
3.3078321102629973,3.6851305253867404,4.059882165085634
3.3076507845885383,3.6849970286260296,4.059464695223957
3.307467131229591,3.6848605631629607,4.059043547043748
3.30728113896562,3.684721118478227,4.058618708324658
3.3070927966574555,3.6845786843078048,4.058190167000915
3.306902093252699,3.6844332506523054,4.057757911167588
3.306709017791278,3.684284807786519,4.057321929086976
3.306513559411159,3.684133346269156,4.056882209195131
3.3063157073542118,3.6839788569527805,4.056438740108503
3.3061154509722317,3.683821330993936,4.055991510630719
3.305912779733121,3.683660759863461,4.055540509759474
3.3057076832272254,3.683497135356995,4.055085726693566
3.3055001511738302,3.6833304496056614,4.054627150840024
3.305290173427812,3.6831606950869364,4.054164771821378
3.3050777399864484,3.6829878646356873,4.053698579483021
3.304862840996381,3.6828119514553763,4.053228563900693
3.3046454667607295,3.682632949129424,4.052754715388053
3.3044256077463565,3.682450851632718,4.052277024504353
3.3042032545912736,3.682265653343261,4.0517954820621975
3.303978398112188,3.6820773490539365,4.051310079135369
3.3037510293121795,3.6818859339843835,4.05082080706673
3.303521139388502,3.681691403792958,4.050327657476161
3.3032887197404985,3.6814937545887614,4.049830622268549
3.303053761977617,3.6812929829437087,4.04932969364178
3.302816257927515,3.6810890859046137,4.048824864094737
3.3025761996442355,3.6808820610052524,4.048316126435272
3.302333579416436,3.6806719062783717,4.047803473788122
3.302088389775648,3.680458620267602,4.0472868996027485
3.3018406235045386,3.680242202039224,4.0467663976610595
3.3015902736451506,3.6800226511937337,4.046241962084978
3.301337333507081,3.6797999678771482,4.04571358734381
3.3010817966755597,3.6795741527919765,4.045181268261367
3.300823657019385,3.6793452072077772,4.044645000022783
3.3005629086986596,3.6791131329712137,4.044104778180958
3.3002995461722704,3.678877932515498,4.043560598662563
3.3000335642050405,3.6786396088691102,4.043012457773515
3.299764957874476,3.6783981656636553,4.042460352203825
3.2994937225770125,3.678153607140706,4.041904279031726
3.299219854033666,3.6779059381574597,4.041344235726937
3.2989433482949555,3.6776551641910062,4.040780220152937
3.2986642017449754,3.6774012913409897,4.040212230568085
3.2983824111044493,3.6771443263304007,4.039640265625413
3.2980979734325917,3.6768842765042136,4.039064324370865
3.2978108861275737,3.6766211498255337,4.038484406239775
3.2975211469253543,3.6763549548688794,4.037900511051292
3.2972287538966123,3.6760857008101717,4.03731263900047
3.2969337054414734,3.67581339741294,4.036720790647658
3.296636000281679,3.6755380550101964,4.036124966904816
3.296335637449804,3.675259684481344,4.035525169018297
3.2960326162750637,3.6749782972234173,4.034921398547602
3.2957269363652015,3.6746939051158365,4.034313657339532
3.295418597583867,3.674406520477784,4.0337019474970965
3.295107600022828,3.67411615601717,4.03308627134245
3.294793943968273,3.673822824770055,4.032466631373059
3.294477629860373,3.6735265400292523,4.031843030210188
3.2941586582451756,3.6732273152607107,4.031215470538711
3.293837029717817,3.672925164006134,4.030583955037158
3.2935127448559296,3.672620099770175,4.029948486296824
3.293185804142056,3.672312135890426,4.029309066728664
3.2928562078737915,3.6720012853883377,4.028665698456669
3.2925239560603528,3.6716875607991883,4.028018383196376
3.292189048304254,3.671370973979226,4.027367122117205
3.291851483666846,3.6710515358882825,4.02671191568739
3.2915112605166086,3.6707292563463882,4.026052763500501
3.291168376359334,3.670404143763395,4.025389664082842
3.2908228276497304,3.6700762048412265,4.024722614681466
3.290474609584507,3.669745444249299,4.024051611033227
3.2901237158777032,3.6694118642747733,4.023376647116044
3.289770138519924,3.6690754644507226,4.0226977148846235
3.2894138675241424,3.6687362411668927,4.022014803993961
3.2890548906618764,3.6683941872694623,4.021327901515236
3.288693193194647,3.668049291657905,4.0206369916498765
3.288328757606646,3.6677015388885064,4.019942055448631
3.287961563345275,3.667350908795116,4.019243070543202
3.287591586576545,3.666997376138027,4.018540010898229
3.287218799962137,3.6666409102913833,4.017832846591031
3.2868431724641543,3.66628147497809,4.0171215436255325
3.286464669182267,3.665919028058952,4.0164060637851495
3.2860832512262306,3.6655535213799197,4.015686364527413
3.2856988756247714,3.6651849006781263,4.014962398920802
3.2853114952698794,3.664813105544348,4.014234115622079
3.2849210588937985,3.6644380694368053,4.013501458890503
3.2845275110746472,3.664059719739218,4.012764368633835
3.284130792265715,3.6636779778547783,4.012022780480184
3.283730838843083,3.6632927593272404,4.011276625869394
3.2833275831662485,3.662903973980524,4.010525832157836
3.2829209536467903,3.6625115260689434,4.009770322730949
3.2825108748206926,3.6621153144312015,4.0090100171186425
3.2820972674206494,3.661715232642477,4.008244831109513
3.28168004844539,3.6613111691601334,4.00747467686067
3.2812591312237593,3.660903007459712,4.006699463000804
3.280834425471906,3.6604906261588575,4.005919094724817
3.280405837342454,3.660073899127655,4.005133473878939
3.279973269464957,3.659652695584532,4.004342499035733
3.279536620977278,3.659226880177381,4.0035460655587585
3.2790957875477713,3.658796313049946,4.002744065656922
3.2786506613883404,3.658360849893777,4.001936388428765
3.278201131258551,3.657920341986232,4.0011229198970275
3.2777470824610693,3.657474636215116,4.000303543033932
3.2772883968287343,3.6570235750905904,3.999478137777658
3.276824952703582,3.656566996745013,3.998646581040482
3.2763566249081504,3.6561047349213314,3.9978087467090657
3.275883284709368,3.6556366189506493,3.996964505637338
3.275404799775315,3.655162473719516,3.9961137256323878
3.2749210341251103,3.6546821196274495,3.9952562714337567
3.274431848072152,3.654195372535153,3.994392004686473
3.273937098160899,3.6537020437038157,3.993520783908139
3.2734366370973595,3.653201939725849,3.9926424644503413
3.2729303136734105,3.6526948624473525,3.991756898454615
3.2724179726850458,3.652180608882553,3.9908639348031687
3.2718994548446245,3.651658971120414,3.98996341906454
3.271374596687158,3.651129736223585,3.9890551934343166
3.2708432304706565,3.650592686119796,3.988139096671053
3.270305184070524,3.650047597485801,3.98721496402746
3.2697602808679833,3.649494241623909,3.9862826271769554
3.269208339632476,3.648932384331146,3.9853419141356206
3.268649174397982,3.6483617857610446,3.984392649179607
3.2680825943331806,3.6477822002780496,3.9834346527580204
3.267508403605357,3.6471933763045015,3.9824677414012983
3.266926401237963,3.64659505616016,3.9814917276250883
3.266336380961716,3.645986975894206,3.980506419829635
3.2657381310591194,3.6453688651096567,3.9795116221946714
3.2651314342022926,3.6447404467801334,3.9785071345698158
3.2645160672839824,3.6441014370589153,3.9774927523604826
3.2638918012416434,3.643451545080216,3.9764682664093103
3.263258400874471,3.6427904727526417,3.975433462873128
3.262615624653287,3.6421179145447944,3.974388123095495
3.261963224523188,3.6414335572630097,3.9733320234748595
3.2613009456988866,3.6407370798212537,3.972264935328415
3.2606285264527015,3.6400281530032337,3.9711866247517493
3.2599456978951884,3.639306439216828,3.970096852474428
3.259252183748433,3.638571592241002,3.9689953737116883
3.2585477001120924,3.6378232569654383,3.9678819380124737
3.257831955222324,3.63706106912321,3.9667562891040977
3.2571046492038103,3.636284655016908,3.9656181647339004
3.2563654738151953,3.635493631238779,3.9644672965083427
3.2556141121883324,3.634687604385551,3.963303409730089
3.2548502385618923,3.6338661707688207,3.962126223233741
3.254073518010021,3.6330289161220612,3.960935449221027
3.253283606166927,3.632175415305558,3.9597307930964214
3.252480148948486,3.6313052320108654,3.9585119533043422
3.2516627822722133,3.630417918466707,3.957278621169323
3.250831131777261,3.629513015148639,3.9560304807407967
3.24998481254644,3.628590050495256,3.954767208644448
3.2491234288327133,3.627648540634269,3.953488473942451
3.2482465737930917,3.626687989122417,3.952193938005327
3.2473538292334574,3.62570788670393,3.9508832543986476
3.2464447653685484,3.6247077110931563,3.9495560687884024
3.2455189406021514,3.623686926787985,3.948212018869506
3.2445759013335325,3.6226449849219464,3.9468507343227364
3.243615181797283,3.621581323164291,3.945471836806314
3.242636303945123,3.6204953656790653,3.944074939989429
3.2416387773798054,3.619386523156188,3.9426596496363167
3.24062209935318,3.6182541929298933,3.941225563750978
3.2395857548427136,3.6170977592026903,3.9397722727944315
3.238529216723442,3.6159165933962703,3.9382993599884597
3.2374519460554785,3.614710054654662,3.9368064017222837
3.236353392510956,3.6134774905295264,3.935292968081493
3.2352329949687157,3.6122182378828893,3.933758623521974
3.2340901823103283,3.6109316240490337,3.9322029277156134
3.2329243744572986,3.6096169683048425,3.93062543659932
3.2317349836967346,3.6082735837068953,3.9290257036645153
3.230521416351611,3.6069007793642602,3.9274032815309035
3.229283074862266,3.6054978632285666,3.925757723856166
3.228019360358278,3.6040641454979174,3.924088587642528
3.226729675814751,3.6025989427489726,3.922395436012101
3.225413429904722,3.601101582932601,3.920677841535887
3.2240700416804597,3.5995714113934683,3.91893539021666
3.22269894624142,3.5980077981035086,3.917167686244012
3.22129960157632,3.596410146334229,3.915374357661188
3.2198714968019764,3.594777903034114,3.913555063108424
3.218414162063197,3.5931105712261373,3.9117094998369333
3.2169271804071276,3.5914077247976044,3.909837413222157
3.2154102020031776,3.589669026121529,3.9079386080449763
3.21386296114717,3.587894247026702,3.9060129618560326
3.2122852965667765,3.5860832937236493,3.9040604407915986
3.2106771756356407,3.58423623639677,3.9020811182700363
3.209038723206397,3.5823533442893947,3.900075197065736
3.2073702558879775,3.58043512723779,3.898043035331966
3.2056723227187804,3.5784823847501417,3.8959851772236496
3.2039457533211206,3.5764962638726834,3.8939023888524895
3.2021917147574235,3.5744783272290475,3.891795700384548
3.2004117784337294,3.572430632746598,3.889666455155175
3.1986079984932285,3.5703558266727655,3.8875163667139914
3.196783003183853,3.56825725150146,3.8853475847021834
3.19494010062793,3.566139070324723,3.8831627703748692
3.1930834002085358,3.564006408826933,3.8809651823692413
3.1912179503329345,3.5618655155500747,3.8787587729252175
3.189349892525793,3.559723940048462,3.876548294111486
3.1874866304993823,3.557590726954528,3.8743394125985016
3.1856370108703365,3.5554766215972577,3.872138830037357
3.1838115093513255,3.5533942794407096,3.8699544040307043
3.1820224123645526,3.551358467055746,3.8677952619204916
3.180283979002066,3.5493862365166198,3.865671896134783
3.1786125621752195,3.5474970481584798,3.863596225739581
3.1770266610628304,3.545712809069377,3.861581604481444
3.175546870514659,3.5440577876535975,3.859642751697505
3.174195688522422,3.54255836002233,3.8577955801948236
3.172997142630091,3.5412425446226954,3.8560568962262343
3.1719762031728784,3.540139290758702,3.85444395297088
3.1711579683463955,3.539277507591395,3.852973852196111
3.1705666347837447,3.5386848542251466,3.851662809657526
3.17022430601969,3.53838635641488,3.85052532671423
3.1701497340102422,3.5384029640201766,3.8495733390149285
3.1703571253518463,3.5387502033802423,3.848815435541638
3.170855161396403,3.5394370959114423,3.848256249343991
3.1716463698553143,3.540465497265957,3.8478961087460193
3.172726942126628,3.5418299583002644,3.8477310041113175
3.174087023461454,3.543518130064361,3.847752877124258
3.1757114290796187,3.545511650029476,3.8479501892460943
3.1775806779512132,3.547787378181665,3.8483086867433642
3.17967220168397,3.550318815413423,3.848812260467381
3.1819615833676878,3.553077537118675,3.849443801239443
3.1844237049374464,3.5560345049673727,3.850185971468684
3.187033720283912,3.5591611659736935,3.8510218421389926
3.189767812890407,3.562430296248116,3.851935373258455
3.1926037322556833,3.5658165872045307,3.8529117395060863
3.1955211283343536,3.569296999769733,3.8539375186158664
3.198501717194436,3.5728509270990774,3.8550007681298437
3.2015293159780978,3.576460210901074,3.8560910181639025
3.204589783899085,3.580109054111104,3.8571992058640694
3.207670901141738,3.5837838664947745,3.858317573187059
3.2107622112452345,3.5874730721992925,3.8594395449187715
3.213854846239142,3.5911669008399207,3.8605595993230186
3.21694134819626,3.594857177221929,3.861673139935209
3.2200154962948266,3.598537119565599,3.8627763739332193
3.2230721449678215,3.602201152126802,3.8638662002083843
3.2261070761514157,3.605844735237231,3.8649401086173034
3.2291168668588655,3.6094642138180717,3.8659960907861404
3.2320987721246808,3.6130566841386513,3.8670325621331507
3.2350506226294233,3.6166198778129486,3.8680482943603476
3.2379707358986787,3.6201520616021052,3.869042357452141
3.240857839770277,3.6236519514054155,3.870014070139771
3.2437110067670636,3.627118638791126,3.870962957796148
3.2465295980448374,3.630551528481666,3.8718887167817977
3.2493132156692046,3.6339502853242314,3.8727911843454716
3.2520616620858425,3.6373147894194062,3.8736703132772865
3.2547749057696254,3.640645098229988,3.874526150608254
3.257453052158971,3.6439414146385314,3.875358819742053
3.2600963190965477,3.6472040600591615,3.8761685054897184
3.2627050161029265,3.650433451833765,3.876955441554118
3.2652795269044272,3.653630084253622,3.877719900078374
3.267820294720056,3.656794512644906,3.8784621829309294
3.2703278098854405,3.659927340041004,3.879182614450475
3.272802599454861,3.663029206037376,3.8798815354171787
3.275245218476771,3.666100777486967,3.8805592980534533
3.277656242684655,3.6691427407472137,3.8812162618886896
3.280036262384629,3.672155795234724,3.88185279034873
3.282385877354804,3.6751406480818276,3.8824692479530736
3.2847056925999314,3.6780980097214004,3.883065998021505
3.28699631482896,3.6810285902535513,3.883643400807539
3.289258349543538,3.6839330964706756,3.8842018119892825
3.2914923986427223,3.6868122294366894,3.884741581459399
3.2936990584637247,3.6896666825325286,3.8852630523651444
3.2958789181908164,3.692497139893703,3.885766560357273
3.2980325585749046,3.6953042751772385,3.8862524330131483
3.3001605509150806,3.6980887506050752,3.886720989404914
3.3022634562608526,3.700851216239201,3.8871725397881933
3.3043418248000593,3.703592309450708,3.8876073853906856
3.306396195402771,3.7063126545508203,3.888025818283287
3.3084270952959853,3.709012862556859,3.888428121319126
3.3104350398477282,3.7116935310702965,3.888814568128212
3.312420532442419,3.7143552442475687,3.8891854231573575
3.314384064432077,3.716998572847295,3.889540941746669
3.316326115150297,3.7196240743401012,3.8898813702353
3.3182471519778836,3.722232293069357,3.890206946090328
3.320147630450723,3.7248237604529746,3.890517898053597
3.3220279944018984,3.72739899521794,3.89081444630222
3.3238886761312685,3.729958503660567,3.891096802619127
3.3257300965967738,3.732502779926562,3.8913651705706402
3.3275526656226075,3.7350323063059356,3.8916197456885735
3.329356782120147,3.7375475535385934,3.8918607156547647
3.3311428343181775,3.7400489811271225,3.892088260486318
3.3329111999994923,3.7425370376538596,3.8923025527201323
3.334662246741412,3.7450121610998224,3.892503757595551
3.336396332158166,3.7474747791635035,3.8926920332341792
3.3381138041434193,3.7499253095778697,3.892867530816106
3.339815001111511,3.752364160424225,3.893030394751909
3.3415002522362203,3.7547917304418306,3.89318076284996
3.343169877686077,3.7572084093324074,3.893318766478651
3.344824188855424,3.759614578058817,3.893444530723249
3.3464634885905697,3.7620106091373726,3.8935581745371723
3.3480880714105146,3.764396866923367,3.893659810887527
3.3496982237218282,3.7667737078895,3.893749546894813
3.3512942240273507,3.7691414808969914,3.8938274839667364
3.3528763431284645,3.7715005274592333,3.8938937179261015
3.3544448443207457,3.7738511819978955,3.8939483391327965
3.355999983582855,3.77619377209146,3.8939914325998854
3.3575420097585673,3.7785286187161846,3.894023078103861
3.3590711647318825,3.7808560364795483,3.894043350289103
3.360587683595171,3.7831763338462374,3.894052318766616
3.3620917948103384,3.785489813356769,3.894050048207113
3.363583720363009,3.787796771838849,3.8940365984285163
3.365063675909726,3.7900975006115756,3.89401202447796
3.366531870918186,3.792392285682614,3.89397637670836
3.367988508800514,3.7946814079384508,3.8939297008496303
3.369433787039589,3.7969651433278555,3.8938720380746132
3.370867897308424,3.7992437630386564,3.8938034250597844
3.372291025582593,3.801517533667943,3.893723894040795
3.373703352245686,3.8037867173857904,3.8936334728628976
3.3751050521877564,3.80605157209259,3.893532185026296
3.3764962948967154,3.808312351570065,3.8934200497264593
3.3778772445425957,3.8105693056260264,3.893297081889413
3.3792480600545933,3.812822680232908,3.893163292202025
3.3806088951907696,3.815072717660109,3.8930186871372885
3.381959898600264,3.8173196566001444,3.8928632689745855
3.3833012138778464,3.819563732288589,3.8926970358149133
3.3846329796105996,3.821805176617777,3.892519981591039
3.385955329416501,3.8240442182442056,3.892332096072532
3.387268391974629,3.826281082689557,3.892133364865618
3.3885722910467058,3.8285159924352574,3.891923769407793
3.3898671454896463,3.830749167010466,3.8917032869571058
3.391153069258771,3.8329808230733717,3.891471890576043
3.392430171401327,3.8352111744857025,3.891229549109914
3.3936985560399573,3.8374404323803337,3.890976227159666
3.3949583223457784,3.839668805221937,3.8907118850490425
3.396209564500765,3.8418964988606428,3.8904364787860333
3.3974523716492175,3.8441237165787707,3.8901499600185803
3.3986868278381945,3.8463506591307977,3.889852275984556
3.399913011946966,3.8485775247768736,3.889543369456076
3.4011309976057653,3.850804509310404,3.889223178678301
3.4023408531044295,3.8530318060804727,3.888891637302971
3.403542641291899,3.8552596060101965,3.888548674317054
3.404736419468043,3.8574880976124986,3.888194213967029
3.4059222392698456,3.8597174670052237,3.8878281756795134
3.407100146554653,3.8619478979280206,3.8874504739791282
3.4082701812839087,3.8641795717639456,3.8870610184047014
3.4094323774115285,3.866412667569233,3.8866597134251
3.4105867627817723,3.868647362115137,3.886246458356144
3.4117333590420076,3.870883829946025,3.8858211472801503
3.41287218157608,3.873122243458006,3.88538366896967
3.414003239463974,3.8753627730021623,3.8849339068168613
3.4151265354729685,3.877605587015885,3.8844717387696877
3.41624206608454,3.87985085218491,3.883997037275712
3.4173498215598057,3.8820987336373527,3.883509669233725
3.41844978604444,3.884349395169542,3.883009495952779
3.419541937711892,3.8866029995017914,3.882496373117537
3.4206262489415704,3.8888597085606795,3.8819701507581614
3.421702686526708,3.8911196837830593,3.881430673222454
3.4227712119050544,3.8933830864360663,3.8808777791475517
3.4238317814045494,3.8956500779469123,3.880311301428319
3.424884346495755,3.897920820236275,3.879731067179602
3.4259288540430375,3.9001954760495523,3.8791368976897247
3.426965246547229,3.902474209281067,3.878528608362957
3.4279934623735646,3.904757185287323,3.8779060086491257
3.429013435959993,3.907044571186532,3.877268901959002
3.430025098002271,3.9093365361427046,3.8766170855645585
3.431028375613534,3.9116332516335834,3.875950350483579
3.4320231924571485,3.9139348917025005,3.8752684813484537
3.4330094688525827,3.9162416331948897,3.874571256259235
3.4339871218547593,3.918553655980639,3.8738584466212256
3.4349560653078823,3.9208711431637737,3.8731298169674773
3.435916209875087,3.923194281281124,3.8723851247666587
3.4368674630454663,3.9255232604916928,3.8716241202167527
3.437809729120138,3.9278582747584276,3.870846546025052
3.4387429091790067,3.930199522024004,3.8700521371748886
3.439666901029839,3.932547204382137,3.8692406206794923
3.4405815991411757,3.934901528245779,3.8684117153233344
3.441486894560484,3.937262704513427,3.8675651313912716
3.442382674818838,3.9396309487346004,3.866700570385771
3.4432688238232743,3.9420064812753988,3.865817724732469
3.4441452217378696,3.9443895274849066,3.8649162774743147
3.4450117448544484,3.9467803178630523,3.8639959019545307
3.4458682654537545,3.9491790882304043,3.8630562614886617
3.446714651657821,3.9515860799002347,3.8620970090260025
3.4475507672742163,3.9540015398530555,3.861117786800756
3.4483764716327836,3.9564257209136877,3.8601182259733493
3.4491916194154744,3.958858881930786,3.8590979462624433
3.44999606047985,3.961301287958593,3.8580565555682873
3.450789639676845,3.96375321044054,3.856993649588255
3.451572196663414,3.9662149273941356,3.8559088114255746
3.452343565710731,3.968686723596399,3.8548016111925336
3.4531035755086985,3.971168890768877,3.853671605609704
3.4538520489676254,3.97366172776104,3.852518337603112
3.4545888030180745,3.9761655407305834,3.8513413359016706
3.4553136484100504,3.9786806433188278,3.8501401146377026
3.4560263895129246,3.9812073568190622,3.8489141729539664
3.4567268241177493,3.9837460103352216,3.847662994621295
3.4574147432439357,3.98629694092781,3.846386047671779
3.458089930952657,3.988860493743388,3.8450827840534103
3.458752164169793,3.991437022123252,3.843752639313245
3.459401212521791,3.9940268876861516,3.8423950323175133
3.460036838188461,3.9966304603789244,3.841009365018722
3.460658795777517,3.9992481184878432,3.8395950222816877
3.4612668322265927,4.001880248602159,3.83815137178271
3.461860686739577,4.004527245519793,3.8366777639987526
3.4624400907654116,4.007189512083334,3.835173532306669
3.4630047680290765,4.009867458932354,3.8336379932162488
3.463554434626325,4.012561504155561,3.832070446765307
3.4640887991959635,4.015272072823331,3.830470177110308
3.464607563186093,4.017999596377656,3.8288364533522685
3.4651104212338733,4.020744511852389,3.827168530645117
3.4655970616821183,4.023507260891763,3.8254656516425207
3.466067167260488,4.026288288529343,3.8237270483497063
3.466520415964379,4.029088041682651,3.821951944459302
3.4669564821709797,4.03190696731054,3.8201395582651276
3.467375038039553,4.034745510170686,3.8182891062656057
3.4677757552520974,4.037604110103025,3.816399807589612
3.4681583071613904,4.040483198751329,3.81447088940278
3.468522371426392,4.043383195618862,3.812501593482306
3.4688676332304738,4.046304503334857,3.810491184184069
3.4691937891964475,4.049247501985768,3.808438958068442
3.4695005521344116,4.052212542338311,3.806344255501792
3.469787656784712,4.055199937749493,3.804206474610721
3.470054866749506,4.058209954521398,3.8020250880372295
3.470301982843389,4.061242800414552,3.7997996630268966
3.4705288531371403,4.064298610982453,3.797529885480805
3.4707353850198186,4.067377433330374,3.7952155887171286
3.4709215596640304,4.0704792068332925,3.792856787821844
3.4710874493479733,4.073603740270188,3.7904537206212052
3.4712332381661737,4.076750684745307,3.788006896481866
3.471359246748434,4.079919501672383,3.7855171543366835
3.471465961702041,4.0831094249978515,3.7829857315413884
3.471554070592565,4.086319416739045,3.780414345381391
3.47162450337771,4.089548114821765,3.7778052892542746
3.4716784812964274,4.092793772132745,3.775161545727493
3.4717175742755915,4.0960541856780255,3.7724869187736045
3.4717437679236576,4.09932661479079,3.7697861874579366
3.471759541097454,4.102607687508612,3.7670652831090177
3.4717679548007236,4.105893294606303,3.7643314914168577
3.471772752726715,4.1091784714153565,3.7615936798088083
3.471778472993089,4.112457268598976,3.7588625486246983
3.4717905694114126,4.115722614622252,3.7561509017761208
3.4718155388413954,4.118966174914233,3.753473928414044
3.47186104865534,4.122178215806567,3.7508494813332303
3.471936054970403,4.1253474853362775,3.7482983301939043
3.472050898089114,4.128461127858001,3.7458443581750163
3.472217356727636,4.131504654793267,3.7435146599175892
3.4724486376672536,4.134461998990474,3.7413394879118127
3.4727592735075956,4.137315683731393,3.7393519863120535
3.473164899905266,4.1400471373962215,3.737587649341767
3.4736818872430963,4.142637178701289,3.7360834508724854
