x,y,z
4.819693149059725,0.6503770978391875,3.0912745877471233
4.8203492143888935,0.6511378970120324,3.091377946537717
4.821004692135451,0.6518990763202166,3.0914811526557413
4.8216595827637665,0.6526606353926647,3.091584206522034
4.822313886742421,0.6534225738548224,3.0916871085581765
4.822967604544195,0.654184891328667,3.0917898591864854
4.823620736646062,0.6549475874327182,3.09189245883
4.824273283529181,0.6557106617820485,3.091994907912471
4.824925245678886,0.6564741139882937,3.092097206858352
4.825576623584679,0.6572379436596635,3.092199356092787
4.826227417740223,0.6580021504009521,3.0923013560416006
4.8268776286433335,0.6587667338135484,3.0924032071312872
4.827527256795968,0.6595316934954467,3.0925049097890014
4.8281763027042235,0.660297029041257,3.0926064644425457
4.828824766878323,0.6610627400422151,3.092707871520362
4.82947264983261,0.6618288260861935,3.09280913145152
4.830119952085543,0.6625952867577114,3.0929102446657066
4.830766674159682,0.6633621216379448,3.093011211593218
4.83141281658169,0.6641293303047375,3.093112032664945
4.832058379882314,0.6648969123326105,3.0932127083123677
4.832703364596387,0.6656648672927727,3.093313238967541
4.833347771262817,0.6664331947531313,3.093413625063088
4.833991600424578,0.6672018942783015,3.0935138670321867
4.834634852628705,0.6679709654296168,3.0936139653085624
4.835277528426286,0.6687404077651394,3.093713920326476
4.835919628372455,0.6695102208396704,3.0938137325207147
4.836561153026383,0.6702804042047591,3.093913402326582
4.837202102951274,0.6710509574087139,3.0940129301798875
4.837842478714354,0.6718218799966122,3.094112316516937
4.838482280886867,0.6725931715103102,3.0942115617745225
4.839121510044067,0.6733648314884529,3.0943106663899123
4.839760166765212,0.6741368594664845,3.0944096308008415
4.840398251633555,0.6749092549766579,3.094508455445502
4.841035765236338,0.6756820175480448,3.0946071407625326
4.8416727081647855,0.6764551467065458,3.0947056871910092
4.842309081014097,0.6772286419749002,3.0948040951704354
4.842944884383441,0.6780025028726957,3.094902365140733
4.843580118875948,0.6787767289163785,3.095000497542231
4.844214785098705,0.6795513196192633,3.095098492815658
4.8448488836627455,0.6803262744915427,3.0951963514021315
4.845482415183047,0.6811015930402974,3.095294073743147
4.84611538027852,0.6818772747695058,3.0953916602805718
4.846747779572007,0.6826533191800538,3.095489111456632
4.847379613690271,0.6834297257697446,3.095586427713906
4.848010883263992,0.6842064940333085,3.0956836094953126
4.848641588927758,0.6849836234624125,3.0957806572441027
4.849271731320062,0.6857611135456702,3.0958775714038507
4.849901311083293,0.6865389637686512,3.0959743524184433
4.850530328863732,0.6873171736138911,3.0960710007320715
4.851158785311542,0.688095742560901,3.0961675167892215
4.851786681080767,0.6888746700861772,3.096263901034664
4.85241401682932,0.6896539556632106,3.0963601539134475
4.853040793218981,0.6904335987624968,3.0964562758708856
4.853667010915392,0.691213598851545,3.0965522673525503
4.854292670588045,0.6919939553948883,3.0966481288042624
4.854917772910281,0.6927746678540929,3.0967438606720825
4.855542318559284,0.6935557356877678,3.096839463402301
4.85616630821607,0.6943371583515741,3.0969349374414303
4.85678974256549,0.6951189352982345,3.0970302832361942
4.857412622296214,0.6959010659775435,3.09712550123352
4.858034948100731,0.6966835498363759,3.0972205918805304
4.858656720675343,0.697466386318697,3.0973155556245318
4.859277940720158,0.6982495748655716,3.0974103929130075
4.859898608939083,0.6990331149151738,3.097505104193609
4.860518726039822,0.6998170059027965,3.0975996899141447
4.861138292733865,0.7006012472608604,3.0976941505225746
4.861757309736488,0.7013858384189235,3.0977884864669987
4.862375777766742,0.7021707788036912,3.0978826981956487
4.86299369754745,0.7029560678390245,3.0979767861568797
4.863611069805204,0.7037417049459505,3.098070750799162
4.864227895270354,0.7045276895426709,3.09816459257107
4.864844174677006,0.7053140210445719,3.0982583119212777
4.8654599087630155,0.7061006988642333,3.0983519092985454
4.866075098269982,0.7068877224114379,3.098445385151714
4.866689743943243,0.7076750910931808,3.098538739929695
4.86730384653187,0.7084628043136787,3.0986319740814627
4.867917406788663,0.7092508614743789,3.0987250880560455
4.868530425470142,0.710039261973969,3.0988180823025164
4.869142903336545,0.7108280052083862,3.098910957269986
4.869754841151823,0.7116170905708259,3.0990037134075927
4.870366239683632,0.7124065174517517,3.099096351164495
4.870977099703327,0.7131962852389041,3.0991888709898627
4.871587421985963,0.7139863933173101,3.099281273332868
4.872197207310283,0.714776841069292,3.0993735586426774
4.872806456458714,0.7155676278744769,3.099465727368445
4.873415170217366,0.7163587531098059,3.0995577799593006
4.874023349376022,0.7171502161495428,3.099649716864345
4.874630994728134,0.7179420163652839,3.0997415385326392
4.875238107070822,0.7187341531259666,3.0998332454131967
4.875844687204863,0.7195266257978788,3.099924837954976
4.876450735934688,0.7203194337446682,3.1000163166068724
4.8770562540683775,0.7211125763273508,3.1001076818177076
4.877661242417659,0.7219060529043206,3.100198934036224
4.878265701797897,0.7226998628313585,3.1002900737110757
4.878869633028091,0.7234940054616411,3.10038110129082
4.87947303693087,0.7242884801457502,3.100472017223909
4.880075914332487,0.7250832862316815,3.1005628219586825
4.880678266062816,0.7258784230648537,3.10065351594336
4.881280092955344,0.7266738899881179,3.1007440996260303
4.88188139584717,0.7274696863417658,3.1008345734546467
4.882482175578996,0.7282658114635395,3.100924937877017
4.883082432995125,0.7290622646886403,3.1010151933407952
4.883682168943456,0.7298590453497372,3.1011053402934747
4.884281384275478,0.7306561527769765,3.1011953791823803
4.8848800798462655,0.7314535862979902,3.101285310454659
4.885478256514476,0.7322513452379054,3.1013751345572738
4.886075915142342,0.7330494289193529,3.101464851936994
4.886673056595669,0.7338478366624763,3.1015544630403884
4.8872696817438275,0.7346465677849409,3.101643968313818
4.887865791459753,0.7354456216019423,3.101733368203427
4.888461386619939,0.7362449974262155,3.101822663155135
4.889056468104431,0.7370446945680439,3.1019118536146304
4.889651036796822,0.7378447123352678,3.102000940027361
4.890245093584253,0.7386450500332936,3.1020899228385286
4.890838639357404,0.7394457069651023,3.102178802493078
4.891431675010487,0.7402466824312582,3.102267579435692
4.892024201441249,0.7410479757299184,3.1023562541107834
4.89261621955096,0.7418495861568407,3.102444826962486
4.8932077302444155,0.7426515130053929,3.1025332984346474
4.893798734429926,0.7434537555665612,3.102621668970823
4.894389233019317,0.7442563131289593,3.1027099390142654
4.894979226927922,0.7450591849788368,3.1027981090079204
4.895568717074579,0.7458623704000882,3.1028861793944165
4.896157704381628,0.746665868674261,3.1029741506160584
4.896746189774904,0.747469679080565,3.1030620231148203
4.897334174183733,0.7482738008958808,3.1031497973323368
4.897921658540931,0.749078233394768,3.1032374737098967
4.898508643782797,0.7498829758494743,3.1033250526884353
4.899095130849109,0.7506880275299438,3.1034125347085264
4.899681120683121,0.7514933877038259,3.1034999202103757
4.9002666142315565,0.7522990556364834,3.103587209633813
4.900851612444609,0.7531050305910013,3.1036744034182853
4.901436116275934,0.7539113118281956,3.1037615020028477
4.902020126682646,0.754717898606621,3.1038485058261585
4.902603644625315,0.75552479018258,3.103935415326471
4.903186671067963,0.7563319858101314,3.104022230941625
4.903769206978059,0.7571394847410983,3.1041089531090416
4.904351253326516,0.7579472862250768,3.1041955822657146
4.904932811087688,0.7587553895094443,3.1042821188482033
4.905513881239363,0.759563793839368,3.104368563292626
4.906094464762763,0.760372498457813,3.104454916034652
4.9066745626425385,0.7611815026055507,3.104541177509496
4.907254175866765,0.7619908055211674,3.1046273481519093
4.907833305426938,0.7628004064410718,3.104713428396172
4.908411952317973,0.7636103045995043,3.1047994186760897
4.908990117538199,0.7644204992285442,3.1048853194249815
4.909567802089355,0.7652309895581184,3.104971131075677
4.910145006976589,0.7660417748160098,3.105056854060507
4.910721733208452,0.7668528542278646,3.105142488811297
4.911297981796894,0.7676642270172015,3.105228035759361
4.9118737537572645,0.7684758924054186,3.1053134953354933
4.9124490501083065,0.7692878496118024,3.1053988679699622
4.913023871872153,0.7701000978535353,3.105484154092504
4.913598220074325,0.7709126363457037,3.1055693541323133
4.914172095743727,0.7717254643013061,3.1056544685180394
4.914745499912646,0.7725385809312604,3.105739497677778
4.915318433616747,0.7733519854444126,3.1058244420390637
4.915890897895069,0.7741656770475444,3.1059093020288646
4.916462893790023,0.7749796549453803,3.105994078073574
4.917034422347393,0.7757939183405965,3.1060787705990056
4.917605484616325,0.7766084664338276,3.106163380030384
4.9181760816493325,0.7774232984236751,3.1062479067923405
4.9187462145022876,0.7782384135067143,3.1063323513089056
4.919315884234423,0.7790538108775026,3.1064167140035015
4.919885091908324,0.7798694897285865,3.1065009952989366
4.920453838589935,0.7806854492505094,3.106585195617398
4.921022125348545,0.7815016886318192,3.106669315380446
4.921589953256795,0.7823182070590754,3.1067533550090056
4.922157323390673,0.7831350037168566,3.106837314923362
4.9227242368295085,0.7839520777877679,3.1069211955431526
4.923290694655975,0.7847694284524481,3.107004997287361
4.923856697956086,0.7855870548895771,3.1070887205743105
4.924422247819189,0.7864049562758829,3.107172365821658
4.924987345337972,0.7872231317861486,3.1072559334463867
4.9255519916084545,0.7880415805932198,3.1073394238648
4.926116187729989,0.7888603018680116,3.107422837492516
4.926679934805258,0.789679294779515,3.107506174744459
4.927243233940273,0.7904985584948048,3.107589436034855
4.927806086244374,0.7913180921790453,3.1076726217772244
4.9283684928302245,0.7921378949954979,3.1077557323843763
4.928930454813815,0.7929579661055277,3.1078387682684023
4.929491973314459,0.7937783046686097,3.107921729840669
4.930053049454791,0.7945989098423356,3.1080046175118126
4.930613684360769,0.7954197807824208,3.108087431691733
4.93117387916167,0.7962409166427101,3.108170172789586
4.931733634990089,0.7970623165751847,3.10825284121378
4.9322929529819435,0.7978839797299677,3.1083354373719674
4.932851834276466,0.7987059052553314,3.1084179616710377
4.933410280016209,0.7995280922977024,3.1085004145171147
4.93396829134704,0.8003505400016684,3.108582796315547
4.934525869418146,0.8011732475099838,3.1086651074709044
4.9350830153820295,0.8019962139635758,3.10874734838697
4.935639730394511,0.8028194385015501,3.1088295194667355
4.936196015614728,0.8036429202611968,3.108911621112394
4.936751872205134,0.8044666583779956,3.1089936537253346
4.9373073013315025,0.8052906519856219,3.109075617706137
4.937862304162925,0.806114900215952,3.109157513454565
4.938416881871811,0.8069394021990685,3.1092393413695594
4.938971035633891,0.8077641570632653,3.109321101849234
4.939524766628216,0.8085891639350533,3.109402795290869
4.9400780760371585,0.809414421939165,3.109484422090904
4.940630965046417,0.8102399301985596,3.1095659826449347
4.94118343484501,0.8110656878344278,3.1096474773477043
4.941735486625289,0.8118916939661968,3.1097289065930993
4.942287121582929,0.8127179477115345,3.109810270774143
4.9428383409169365,0.8135444481863544,3.1098915702829903
4.943389145829651,0.8143711945048197,3.1099728055109215
4.943939537526747,0.8151981857793474,3.110053976848337
4.944489517217236,0.8160254211206133,3.1101350846847513
4.94503908611347,0.8168528996375549,3.110216129408787
4.945588245431142,0.8176806204373761,3.1102971114081703
4.946136996389295,0.8185085826255506,3.1103780310697235
4.946685340210319,0.8193367853058257,3.1104588887793607
4.947233278119958,0.8201652275802254,3.110539684922082
4.947780811347312,0.8209939085490542,3.110620419881968
4.948327941124842,0.8218228273109003,3.1107010940421733
4.948874668688374,0.8226519829626381,3.110781707784923
4.949420995277105,0.8234813745994317,3.1108622614915045
4.949966922133604,0.8243110013147373,3.110942755542264
4.950512450503821,0.8251408622003061,3.1110231903165997
4.951057581637088,0.8259709563461863,3.111103566192958
4.95160231678613,0.8268012828407258,3.1111838835488252
4.952146657207064,0.8276318407705741,3.1112641427607257
4.952690604159409,0.8284626292206839,3.1113443442042135
4.953234158906094,0.8292936472743138,3.1114244882538684
4.953777322713458,0.8301248940130288,3.11150457528329
4.954320096851265,0.8309563685167026,3.111584605665092
4.954862482592703,0.8317880698635183,3.1116645797708977
4.955404481214397,0.8326199971299694,3.1117444979713342
4.955946093996414,0.8334521493908612,3.1118243606360267
4.956487322222273,0.834284525719311,3.111904168133594
4.95702816717895,0.8351171251867486,3.111983920831642
4.9575686301568895,0.835949946862917,3.112063619096759
4.958108712450012,0.836782989815872,3.112143263294511
4.958648415355723,0.8376162531119822,3.112222853789435
4.959187740174923,0.8384497358159292,3.112302390945035
4.959726688212016,0.8392834369907063,3.1123818751237757
4.960265260774923,0.8401173556976185,3.1124613066870777
4.960803459175088,0.8409514909962811,3.1125406859953118
4.9613412847274905,0.8417858419446188,3.112620013407794
4.961878738750659,0.8426204075988644,3.1126992892827814
4.962415822566681,0.8434551870135572,3.1127785139774637
4.96295253750121,0.8442901792415413,3.112857687847961
4.9634888848834855,0.8451253833339637,3.112936811249316
4.964024866046341,0.8459607983402723,3.113015884535492
4.964560482326215,0.8467964233082133,3.1130949080593635
4.96509573506317,0.8476322572838287,3.1131738821727137
4.9656306256009,0.848468299311454,3.1132528072262273
4.966165155286747,0.8493045484337147,3.113331683569487
4.9666993254717156,0.8501410036915239,3.1134105115509656
4.967233137510485,0.8509776641240786,3.113489291518023
4.967766592761426,0.8518145287688563,3.1135680238168986
4.968299692586613,0.8526515966616119,3.113646708792707
4.968832438351842,0.8534888668363736,3.113725346789432
4.9693648314266445,0.8543263383254391,3.1138039381499207
4.969896873184303,0.8551640101593724,3.1138824832158787
4.970428565001868,0.8560018813669986,3.1139609823278627
4.970959908260171,0.8568399509754011,3.1140394358252754
4.9714909043438436,0.8576782180099168,3.114117844046361
4.972021554641332,0.8585166814941325,3.1141962073281966
4.972551860544913,0.8593553404498803,3.1142745260066875
4.97308182345071,0.8601941938972341,3.1143528004165613
4.973611444758711,0.8610332408545057,3.1144310308913608
4.97414072587278,0.861872480338241,3.1145092177634384
4.9746696682006775,0.8627119113632166,3.114587361363948
4.9751982731540725,0.8635515329424364,3.11466546202284
4.975726542148559,0.8643913440871291,3.114743520068853
4.9762544766036685,0.8652313438067456,3.1148215358295084
4.976782077942886,0.866071531108957,3.1148995096311007
4.977309347593661,0.8669119049996533,3.114977441798692
4.977836286987421,0.8677524644829432,3.1150553326561035
4.978362897559581,0.8685932085611539,3.115133182525908
4.978889180749552,0.8694341362348326,3.115210991729421
4.979415138000752,0.8702752465027488,3.115288760586693
4.979940770760608,0.8711165383618983,3.115366489416499
4.980466080480565,0.871958010807508,3.1154441785363316
4.980991068616084,0.8727996628330434,3.115521828262389
4.98151573662664,0.8736414934302174,3.1155994389095665
4.98204008597572,0.8744835015890013,3.1156770107914453
4.982564118130816,0.8753256862976394,3.115754544220281
4.983087834563408,0.8761680465426652,3.115832039506994
4.983611236748951,0.8770105813089222,3.1159094969611534
4.984134326166851,0.8778532895795874,3.115986916890968
4.984657104300436,0.8786961703362005,3.1160642996032704
4.9851795726369215,0.8795392225586968,3.1161416454035025
4.985701732667366,0.8803824452254461,3.1162189545957
4.986223585886617,0.8812258373132986,3.1162962274824775
4.986745133793252,0.8820693977976372,3.1163734643650076
4.9872663778894974,0.8829131256524378,3.1164506655430055
4.9877873196811455,0.8837570198503404,3.1165278313147073
4.9883079606774485,0.8846010793627284,3.116604961976847
4.988828302391,0.885445303159822,3.116682057824636
4.989348346337593,0.8862896902107834,3.1167591191517356
4.98986809403606,0.8871342394838387,3.1168361462502303
4.990387547008085,0.8879789499464161,3.1169131394105984
4.990906706777987,0.8888238205653043,3.1169900989216814
4.991425574872474,0.8896688503068335,3.1170670250706474
4.9919441528203565,0.8905140381370816,3.117143918142954
4.992462442152222,0.8913593830221098,3.1172207784223085
4.99298044440006,0.8922048839282302,3.117297606190621
4.9934981610968325,0.893050539822312,3.1173744017279574
4.994015593775986,0.8938963496721298,3.117451165312484
4.994532743970887,0.8947423124467607,3.1175278972204103
4.995049613214186,0.895588427117036,3.1176045977259244
4.9955662030370815,0.8964346926560567,3.117681267101121
4.996082514968489,0.8972811080397798,3.1177579056159255
4.996598550534082,0.8981276722476866,3.1178345135380083
4.997114311255212,0.8989743842635427,3.11791109113269
4.997629798647666,0.899821243076263,3.11798763866284
4.998145014220262,0.9006682476808953,3.1180641563887614
4.99865995947324,0.9015153970797379,3.118140644568069
4.9991746358964475,0.9023626902836082,3.1182171034555513
4.999689044967273,0.9032101263132788,3.1182935333030217
5.000203188148311,0.9040577042011041,3.118369934359157
5.000717066884732,0.9049054229928531,3.1184463068693207
5.001230682601317,0.9057532817497722,3.1185226510753705
5.001744036699143,0.9066012795508948,3.118598967215455
5.002257130551885,0.907449415495616,3.1186752555237933
5.002769965501734,0.9082976887065445,3.1187515162304464
5.003282542854904,0.9091460983326375,3.118827749561075
5.003794863876745,0.9099946435526145,3.1189039557366947
5.004306929786506,0.9108433235786322,3.1189801349734294
5.004818741751773,0.9116921376601841,3.1190562874822727
5.005330300882691,0.9125410850881684,3.1191324134688636
5.005841608226088,0.9133901651990399,3.1192085131332905
5.006352664759659,0.9142393773789361,3.1192845866699326
5.0068634713864055,0.9150887210676409,3.1193606342673554
5.007374028929579,0.9159381957622269,3.1194366561082725
5.007884338128351,0.9167878010202032,3.1195126523695835
5.008394399634469,0.9176375364619987,3.119588623222503
5.008904214010115,0.9184874017726237,3.1196645688327806
5.009413781727124,0.9193373967023887,3.119740489361013
5.009923103167664,0.9201875210666115,3.1198163849630443
5.010432178626369,0.9210377747442994,3.119892255790442
5.0109410083138455,0.9218881576758609,3.119968101991025
5.011449592361386,0.9227386698599552,3.1200439237094333
5.0119579308266475,0.9235893113496346,3.120119721087709
5.012466023700038,0.9244400822479587,3.1201954942658734
5.012973870911538,0.92529098270327,3.1202712433824784
5.013481472337697,0.9261420129043108,3.1203469685751206
5.013988827808575,0.9269931730753387,3.1204226699809046
5.014495937114463,0.927844463471374,3.1204983477368535
5.01500280001222,0.9286958843736751,3.1205740019802604
5.015509416231165,0.9295474360855137,3.120649632848983
5.016015785478445,0.9303991189282895,3.120725240481684
5.016521907443878,0.9312509332380058,3.120800825018025
5.017027781804256,0.9321028793621077,3.12087638659881
5.0175334082271394,0.9329549576566725,3.1209519253660924
5.01803878637418,0.933807168483934,3.121027441463251
5.018543915903985,0.9346595122101158,3.1211029350350326
5.019048796474597,0.9355119892035475,3.1211784062275734
5.019553427745608,0.9363645998330361,3.1212538551883995
5.020057809379951,0.9372173444664652,3.1213292820664122
5.020561941045422,0.9380702234695966,3.1214046870118612
5.021065822415947,0.9389232372050493,3.1214800701763057
5.021569453172643,0.9397763860314359,3.1215554317125696
5.022072833004687,0.9406296703026339,3.1216307717746896
5.022575961610032,0.941483090367177,3.1217060905178604
5.0230788386959855,0.942336646567749,3.1217813880983765
5.023581463979661,0.943190339240766,3.121856664673572
5.024083837188343,0.9440441687160381,3.121931920401759
5.024585958059752,0.9448981353164952,3.122007155442167
5.025087826342245,0.9457522393579719,3.1220823699548834
5.025589441794952,0.9466064811490412,3.1221575641007897
5.026090804187851,0.9474608609908913,3.1222327380415056
5.026591913301815,0.9483153791772382,3.12230789193933
5.027092768928603,0.9491700359942701,3.122383025957186
5.027593370870828,0.9500248317206189,3.1224581402585643
5.0280937189419,0.9508797666273541,3.122533235007473
5.028593812965942,0.9517348409779964,3.1226083103683844
5.029093652777691,0.952590055028549,3.122683366506189
5.029593238222377,0.9534454090275414,3.122758403586144
5.0300925691556,0.9543009032160866,3.122833421773834
5.030591645443188,0.955156537827948,3.122908421235122
5.031090466961053,0.9560123130896142,3.1229834021361116
5.031589033595035,0.9568682292203822,3.123058364643106
5.032087345240744,0.9577242864324451,3.1231333089225704
5.032585401803404,0.9585804849309859,3.1232082351410964
5.03308320319768,0.9594368249142742,3.1232831434653665
5.033580749347523,0.9602933065737662,3.123358034062123
5.034078040185994,0.9611499300942082,3.123432907098134
5.0345750756551055,0.9620066956537405,3.123507762740167
5.0350718557056515,0.9628636034240036,3.1235826011549586
5.035568380297046,0.9637206535702451,3.1236574225091873
5.036064649397157,0.964577846251427,3.12373222696945
5.036560662982148,0.9654351816203337,3.123807014702236
5.037056421036316,0.9662926598236792,3.1238817858739063
5.037551923551936,0.9671502810022147,3.123956540650669
5.038047170529106,0.9680080452908354,3.1240312791985607
5.038542161975596,0.9688659528186867,3.1241060016834283
5.039036897906696,0.9697240037092696,3.124180708270909
5.039531378345073,0.9705821980805451,3.124255399126413
5.0400256033206245,0.9714405360450378,3.124330074415109
5.040519572870342,0.9722990177099377,3.1244047343019066
5.041013287038168,0.9731576431772021,3.124479378951446
5.041506745874866,0.9740164125436549,3.1245540085280803
5.041999949437886,0.9748753259010855,3.124628623195867
5.042492897791241,0.9757343833363458,3.124703223118553
5.042985591005373,0.9765935849314461,3.1247778084595668
5.043478029157041,0.97745293076365,3.1248523793820064
5.0439702123291905,0.9783124209055672,3.124926936048632
5.044462140610848,0.9791720554252453,3.1250014786218556
5.044953814096997,0.9800318343862601,3.1250760072637354
5.045445232888478,0.9808917578478046,3.1251505221359666
5.04593639709187,0.9817518258647767,3.125225023399877
5.046427306819392,0.9826120384878655,3.1252995112164204
5.046917962188798,0.9834723957636355,3.1253739857461715
5.047408363323277,0.9843328977346111,3.1254484471493216
5.0478985103513585,0.9851935444393577,3.1255228955856746
5.048388403406813,0.9860543359125634,3.125597331214644
5.048878042628562,0.9869152721851184,3.12567175419525
5.049367428160589,0.9877763532841933,3.1257461646861158
5.049856560151849,0.9886375792333162,3.125820562845469
5.0503454387561835,0.9894989500524488,3.1258949488311374
5.050834064132237,0.9903604657580612,3.12596932280055
5.051322436443377,0.991222126363206,3.1260436849107354
5.051810555857609,0.9920839318775899,3.126118035318323
5.052298422547503,0.9929458823076469,3.126192374179542
5.052786036690113,0.9938079776566077,3.1262667016502244
5.053273398466903,0.9946702179245702,3.1263410178858035
5.053760508063669,0.9955326031085683,3.126415323041318
5.054247365670472,0.9963951332026397,3.1264896172714116
5.054733971481556,0.997257808197894,3.126563900730337
5.055220325695283,0.9981206280825787,3.126638173571956
5.0557064285140525,0.9989835928421463,3.1267124359497442
5.056192280144235,0.9998467024593195,3.126786688016791
5.056677880796093,1.0007099569141569,3.126860929925805
5.057163230683704,1.001573356184118,3.1269351618291137
5.0576483300248904,1.002436900244129,3.1270093838786672
5.05813317904113,1.003300589066647,3.1270835962260417
5.058617777957479,1.0041644226217274,3.127157799022439
5.059102127002479,1.0050284008770876,3.1272319924186895
5.059586226408069,1.0058925237981755,3.1273061765652534
5.060070076409481,1.0067567913482367,3.12738035161222
5.060553677245135,1.0076212034883831,3.127454517709307
5.061037029156521,1.0084857601776647,3.12752867500586
5.061520132388069,1.009350461373141,3.1276028236508475
5.062002987187008,1.0102153070299575,3.127676963792857
5.062485593803208,1.0110802971014239,3.127751095580088
5.062967952488999,1.0119454315390952,3.1278252191603406
5.063450063498976,1.0128107102928594,3.127899334681006
5.063931927089769,1.013676133311029,3.1279734422890466
5.064413543519787,1.0145417005404376,3.128047542130979
5.064894913048926,1.0154074119265464,3.1281216343528455
5.065376035938239,1.0162732674135553,3.128195719100186
5.06585691244955,1.0171392669445265,3.1282697965179977
5.0663375428450275,1.0180054104615157,3.1283438667506904
5.0668179273866905,1.0188716979057173,3.128417929942033
5.06729806633585,1.0197381292176204,3.1284919862350877
5.067777959952481,1.0206047043371802,3.128566035772138
5.068257608494514,1.021471423204002,3.1286400786945987
5.068737012217057,1.0223382857575423,3.128714115142921
5.069216171371525,1.02320529193732,3.128788145256479
5.069695086204706,1.0240724416831442,3.1288621691734466
5.070173756957763,1.0249397349353486,3.128936187030665
5.070652183865186,1.0258071716350332,3.1290101989635
5.071130367153728,1.0266747517243031,3.129084205105692
5.071608307041352,1.027542475146502,3.1291582055892126
5.072086003736232,1.028410341846427,3.1292322005441187
5.072563457435859,1.0292783517705162,3.1293061900984225
5.07304066832628,1.030146504867003,3.129380174377981
5.073517636581542,1.0310148010860232,3.12945415350641
5.073994362363338,1.0318832403796723,3.1295281276050266
5.0744708458209065,1.0327518227020107,3.129602096792828
5.074947087091161,1.0336205480090144,3.129676061186504
5.075423086299055,1.034489416258478,3.129750020900481
5.075898843558139,1.0353584274098753,3.1298239760469952
5.076374358971285,1.0362275814241875,3.129897926736193
5.0768496326315145,1.0370968782637082,3.129971873076241
5.07732466462291,1.037966317891836,3.130045815173456
5.077799455021554,1.0388359002728604,3.130119753132432
5.07827400389646,1.0397056253717536,3.130193687056174
5.078748311310482,1.0405754931539661,3.1302676170462216
5.07922237732117,1.041445503585238,3.130341543202771
5.079696201981566,1.0423156566314224,3.1304154656247842
5.080169785340928,1.043185952258326,3.130489384410091
5.080643127445391,1.0440563904315634,3.1305632996554795
5.081116228338549,1.044926971116429,3.130637211456776
5.081589088061972,1.045797694277783,3.130711119908916
5.082061706655668,1.0466685598799503,3.130785025106005
5.082534084158473,1.0475395678866335,3.130858927141373
5.083006220608403,1.048410718260835,3.130932826107617
5.08347811604295,1.0492820109647916,3.1310067220966427
5.08394977049934,1.0501534459599156,3.1310806151996937
5.0844211840147535,1.0510250232067457,3.131154505507381
5.084892356626511,1.0518967426649044,3.1312283931097027
5.085363288372237,1.0527686042930602,3.131302278096065
5.0858339792899905,1.0536406080488965,3.131376160555294
5.08630442941838,1.0545127538890846,3.1314500405756474
5.086774638796659,1.0553850417692607,3.131523918244825
5.087244607464801,1.0562574716440065,3.1315977936499735
5.0877143354635646,1.057130043466833,3.1316716668776907
5.088183822834543,1.0580027571901665,3.1317455380140284
5.088653069620204,1.0588756127653378,3.131819407144494
5.089122075863923,1.059748610142573,3.1318932743540477
5.089590841610002,1.0606217492709857,3.131967139727105
5.090059366903687,1.0614950300985713,3.132041003347531
5.090527651791175,1.0623684525722026,3.132114865298639
5.090995696319615,1.0632420166376273,3.1321887256631853
5.091463500537111,1.064115722239465,3.132262584523365
5.091931064492714,1.0649895693212073,3.132336441960809
5.0923983882364094,1.065863557825216,3.1324102980565742
5.092865471819107,1.066737687692726,3.1324841528911422
5.093332315292625,1.0676119588638444,3.13255800654441
5.093798918709669,1.0684863712775543,3.1326318590956843
5.094265282123813,1.069360924871716,3.1327057106236755
5.094731405589475,1.0702356195830707,3.1327795612064904
5.095197289161894,1.0711104553472441,3.1328534109216246
5.095662932897102,1.0719854320987505,3.132927259845956
5.096128336851896,1.0728605497709967,3.1330011080557365
5.09659350108381,1.0737358082962867,3.133074955626586
5.097058425651085,1.0746112076058276,3.133148802633484
5.097523110612634,1.0754867476297343,3.133222649150762
5.097987556028017,1.076362428297035,3.1332964952520967
5.098451761957399,1.0772382495356776,3.1333703410105014
5.098915728461521,1.0781142112725357,3.133444186498319
5.0993794556016665,1.078990313433415,3.1335180317872133
5.099842943439621,1.0798665559430596,3.133591876948164
5.100306192037642,1.0807429387251597,3.1336657220514557
5.100769201458415,1.0816194617023576,3.133739567166673
5.101231971765025,1.0824961247962552,3.1338134123626906
5.101694503020912,1.083372927927422,3.1338872577076677
5.102156795289835,1.0842498710154016,3.1339611032690384
5.102618848635834,1.08512695397872,3.134034949113506
5.10308066312319,1.0860041767348936,3.1341087953070343
5.103542238816387,1.0868815392004363,3.13418264191484
5.1040035757800695,1.0877590412908686,3.1342564890013858
5.104464674079004,1.0886366829207255,3.1343303366303723
5.1049255337780375,1.089514464003564,3.13440418486473
5.105386154942057,1.0903923844519732,3.134478033766614
5.105846537635946,1.0912704441775811,3.1345518833973935
5.106306681924547,1.092148643091065,3.134625733817647
5.106766587872613,1.093026981102159,3.134699585087152
5.107226255544771,1.0939054581196632,3.1347734372648812
5.107685685005474,1.0947840740514536,3.1348472904089917
5.10814487631896,1.09566282880449,3.1349211445768197
5.108603829549208,1.096541722284826,3.134994999824872
5.109062544759896,1.0974207543976173,3.135068856208819
5.109521022014348,1.098299925047133,3.1351427137834875
5.109979261375499,1.0991792341367632,3.135216572602853
5.110437262905845,1.1000586815690296,3.1352904327200317
5.110895026667396,1.100938267245595,3.135364294187275
5.11135255272163,1.1018179910672725,3.1354381570559604
5.1118098411294515,1.1026978529340363,3.1355120213765844
5.112266891951136,1.103577852745031,3.1355858871987548
5.112723705246287,1.104457990398582,3.1356597545711846
5.113180281073787,1.1053382657922055,3.1357336235416833
5.11363661949175,1.1062186788226185,3.13580749415715
5.11409272055747,1.1070992293857493,3.1358813664635656
5.1145485843273715,1.1079799173767484,3.1359552405059854
5.115004210856961,1.108860742689998,3.136029116328532
5.115459600200775,1.1097417052191234,3.1361029939743865
5.115914752412328,1.1106228048570035,3.136176873485783
5.116369667544062,1.1115040414957815,3.1362507549039997
5.116824345647292,1.112385415026876,3.1363246382693504
5.117278786772155,1.1132669253409917,3.136398523621178
5.117732990967552,1.1141485723281308,3.1364724109978477
5.118186958281099,1.1150303558776045,3.136546300436737
5.118640688759067,1.1159122758780435,3.136620191974229
5.119094182446327,1.1167943322174105,3.1366940856457064
5.119547439386296,1.1176765247830112,3.1367679814855394
5.120000459620876,1.1185588534615063,3.1368418795270814
5.120453243190396,1.1194413181389233,3.1369157798026603
5.120905790133555,1.1203239187006688,3.136989682343569
5.121358100487359,1.1212066550315405,3.1370635871800587
5.121810174287064,1.1220895270157394,3.137137494341331
5.122262011566109,1.1229725345368828,3.1372114038555283
5.1227136123560575,1.1238556774780168,3.1372853157497267
5.123164976686533,1.1247389557216296,3.1373592300499276
5.1236161045851505,1.125622369149664,3.137433146781049
5.124066996077456,1.1265059176435317,3.137507065966917
5.124517651186856,1.1273896010841258,3.1375809876302583
5.124968069934552,1.128273419351836,3.1376549117926906
5.125418252339469,1.1291573723265618,3.1377288384747146
5.1258681984181855,1.1300414598877273,3.137802767695706
5.126317908184864,1.1309256819142963,3.137876699473905
5.1267673816511765,1.1318100382847867,3.13795063382641
5.12721661882623,1.1326945288772867,3.138024570769168
5.127665619716493,1.1335791535694704,3.138098510316965
5.128114384325715,1.1344639122386138,3.1381724524834187
5.128562912654854,1.1353488047616123,3.138246397280969
5.129011204701992,1.1362338310149969,3.1383203447208703
5.129459260462254,1.137118990874953,3.1383942948131813
5.129907079927729,1.1380042842173381,3.1384682475667574
5.130354663087381,1.1388897109177005,3.1385422029892425
5.130802009926968,1.1397752708512994,3.1386161610870595
5.131249120428948,1.1406609638931249,3.138690121865403
5.131695994572397,1.1415467899179192,3.138764085328231
5.1321426323329105,1.1424327488001984,3.138838051478255
5.1325890336825175,1.1433188404142751,3.1389120203169347
5.133035198589582,1.1442050646342818,3.1389859918444696
5.133481127018706,1.1450914213341967,3.1390599660597904
5.133926818930635,1.1459779103878684,3.139133942960554
5.134372274282153,1.146864531669044,3.1392079225431346
5.1348174930259844,1.1477512850513967,3.1392819048026204
5.135262475110688,1.1486381704085564,3.139355889732805
5.135707220480551,1.149525187614141,3.1394298773261844
5.136151729075486,1.1504123365417898,3.1395038675739526
5.136596000830914,1.151299617065198,3.139577860465997
5.137040035677661,1.1521870290581544,3.139651855990897
5.13748383354184,1.1530745723945808,3.1397258541359214
5.137927394344739,1.1539622469485737,3.1397998548870296
5.138370718002711,1.154850052594449,3.139873858228872
5.138813804427047,1.1557379892067887,3.1399478641447933
5.139256653523867,1.156626056660493,3.140021872616836
5.139699265194,1.1575142548308324,3.1400958836257487
5.140141639332868,1.1584025835935072,3.1401698971509946
5.140583775830365,1.1592910428247092,3.1402439131707633
5.1410256745707406,1.1601796324011882,3.1403179316619867
5.1414673354324885,1.1610683522003236,3.140391952600356
5.14190875828823,1.1619572021002018,3.140465975960346
5.142349943004608,1.1628461819796998,3.140540001715242
5.142790889442177,1.1637352917185746,3.1406140298371708
5.1432315974553084,1.1646245311975603,3.1406880602971414
5.143672066892094,1.1655139002984736,3.1407620930650886
5.1441122975942655,1.1664033989043276,3.140836128109926
5.1445522893971205,1.167293026899455,3.140910165399608
5.144992042129467,1.1681827841696415,3.140984204901201
5.14543155561358,1.1690726706022714,3.1410582465809647
5.145870829665181,1.1699626860864845,3.1411322904044483
5.146309864093442,1.1708528305133474,3.1412063363366
5.146748658701015,1.171743103776038,3.141280384341891
5.147187213284105,1.172633505770046,3.1413544343844597
5.14762552763257,1.1735240363933912,3.1414284864282744
5.148063601530085,1.1744146955468557,3.14150254043732
5.148501434754346,1.1753054831342387,3.141576596375806
5.1489390270773505,1.1761963990626263,3.1416506542084086
5.149376378265747,1.1770874432426828,3.141724713900535
5.14981348808127,1.1779786155889598,3.141798775418626
5.1502503562812745,1.178869916020223,3.1418728387304897
5.150686982619377,1.1797613444597952,3.1419469038056747
5.151123366846216,1.1806529008359132,3.142020970615878
5.15155950871034,1.181544585082093,3.1420950391353926
5.151995407959244,1.1824363971374985,3.1421691093415904
5.152431064340537,1.1833283369473073,3.14224318121544
5.152866477603272,1.1842204044630613,3.142317254742051
5.1533016474994,1.1851125996429928,3.1423913299112365
5.153736573785367,1.186004922452312,3.1424654067180895
5.154171256223811,1.186897372863441,3.1425394851635478
5.154605694585334,1.1877899508561798,3.1426135652549396
5.155039888650309,1.1886826564177855,3.142687647006484
5.15547383821066,1.1895754895429569,3.142761730439728
5.155907543071561,1.190468450233708,3.1428358155838976
5.156341003052995,1.1913615384991294,3.1429099024761444
5.156774217991091,1.1922547543550344,3.14298399116167
5.15720718773921,1.1931480978234983,3.1430580816937215
5.157639912168703,1.194041568932304,3.1431321741334513
5.158072391169348,1.1949351677143119,3.1432062685496485
5.158504624649432,1.1958288942067763,3.1432803650183527
5.1589366125355,1.1967227484506373,3.1433544636223654
5.159368354771796,1.197616730489806,3.1434285644506854
5.159799851319437,1.1985108403704725,3.143502667597887
5.160231102155373,1.199405078140451,3.1435767731634683
5.160662107271182,1.2002994438485788,3.1436508812511894
5.161092866671749,1.201193937544178,3.14372499196842
5.16152338037389,1.2020885592765873,3.1437991054255137
5.161953648404949,1.2029833090947615,3.1438732217352157
5.162383670801411,1.2038781870469417,3.143947341012119
5.162813447607556,1.2047731931803893,3.144021463372164
5.163242978874175,1.2056683275411788,3.144095588932196
5.163672264657356,1.206563590174045,3.144169717809564
5.164101305017358,1.2074589811222765,3.1442438501217764
5.164530100017569,1.2083545004276492,3.1443179859861976
5.1649586497235545,1.2092501481303948,3.1443921255197895
5.165386954202183,1.2101459242691963,3.14446626883889
5.165815013520842,1.21104182888121,3.144540416059025
5.1662428277467285,1.2119378620021033,3.1446145672947576
5.16667039694621,1.212834023666111,3.1446887226595557
5.167097721184254,1.2137303139061015,3.1447628822656895
5.167524800523915,1.214626732753653,3.1448370462241497
5.167951635025882,1.2155232802391374,3.1449112146445817
5.1683782247480705,1.2164199563918079,3.144985387635236
5.168804569745262,1.2173167612398916,3.1450595653029336
5.169230670068786,1.2182136948106834,3.145133747753041
5.169656525766232,1.2191107571306405,3.1452079350894575
5.170082136881204,1.2200079482254786,3.145282127414608
5.170507503453091,1.2209052681202672,3.1453563248294456
5.170932625516877,1.2218027168395234,3.145430527433458
5.17135750310296,1.222700294407305,3.145504735324682
5.1717821362370024,1.223598000847303,3.1455789485997188
5.172206524939796,1.22449583618293,3.145653167353755
5.172630669227138,1.2253938004374085,3.1457273916805866
5.173054569109733,1.2262918936338576,3.1458016216726445
5.173478224593091,1.2271901157953755,3.1458758574210224
5.173901635677453,1.2280884669451222,3.145950099015507
5.174324802357715,1.2289869471063979,3.146024346544608
5.174747724623368,1.2298855563027218,3.14609860009559
5.175170402458442,1.2307842945579066,3.146172859754507
5.175592835841455,1.2316831618961321,3.1462471256062337
5.176015024745372,1.2325821583420176,3.1463213977344995
5.176436969137569,1.2334812839206901,3.1463956762219225
5.1768586689798015,1.234380538657854,3.146469961150045
5.177280124228171,1.2352799225798556,3.1465442525993654
5.177701334833106,1.2361794357137497,3.1466185506493742
5.178122300739335,1.2370790780873604,3.1466928553785865
5.1785430218858695,1.237978849729345,3.146767166864577
5.17896349820599,1.2388787506692522,3.1468414851840127
5.179383729627226,1.239778780937583,3.146915810412687
5.179803716071346,1.2406789405658474,3.1469901426255524
5.180223457454346,1.2415792295866204,3.1470644818967526
5.180642953686437,1.242479648033599,3.1471388282996564
5.181062204672038,1.2433801959416553,3.147213181906888
5.181481210309765,1.244280873346891,3.1472875427903597
5.181899970492423,1.2451816802866897,3.1473619110213034
5.182318485107001,1.2460826167997685,3.1474362866703007
5.1827367540346625,1.246983682926229,3.1475106698073136
5.183154777150738,1.2478848787076084,3.1475850605017155
5.1835725543247175,1.2487862041869282,3.1476594588223197
5.183990085420248,1.2496876594087436,3.1477338648374094
5.184407370295121,1.2505892444191924,3.147808278614767
5.1848244088012665,1.2514909592660421,3.1478827002217025
5.185241200784747,1.2523928039987382,3.147957129725081
5.185657746085747,1.25329477866845,3.148031567191351
5.18607404453857,1.2541968833281183,3.1481060126865725
5.186490095971622,1.2550991180325006,3.148180466276444
5.186905900207408,1.2560014828382173,3.1482549280263274
5.18732145706252,1.2569039778037965,3.1483293980012768
5.187736766347628,1.2578066029897192,3.148403876266063
5.188151827867468,1.2587093584584639,3.148478362885199
5.18856664142083,1.2596122442745503,3.1485528579229665
5.188981206800547,1.2605152605045833,3.1486273614434386
5.1893955237934835,1.261418407217296,3.1487018735105057
5.189809592180519,1.2623216844835932,3.148776394187899
5.190223411736539,1.2632250923765924,3.1488509235392144
5.190636982230414,1.264128630971667,3.1489254616279343
5.191050303424993,1.2650323003464865,3.149000008517451
5.191463375077082,1.2659361005810568,3.149074564271089
5.1918761969374305,1.2668400317577604,3.149149128952126
5.192288768750717,1.2677440939613944,3.149223702623812
5.1927010902555315,1.2686482872792082,3.1492982853493934
5.193113161184361,1.26955261180094,3.1493728771921283
5.193524981263572,1.2704570676188505,3.149447478215308
5.1939365502133965,1.2713616548277569,3.149522088482273
5.194347867747918,1.2722663735250632,3.1495967080564307
5.194758933575056,1.2731712238107893,3.14967133700127
5.1951697473965535,1.2740762057875958,3.149745975380377
5.195580308907969,1.2749813195608073,3.1498206232574475
5.195990617798664,1.2758865652384304,3.149895280696297
5.196400673751797,1.2767919429311683,3.1499699477608734
5.196810476444323,1.2776974527524296,3.1500446245152616
5.197220025546994,1.2786030948183322,3.150119311023691
5.197629320724362,1.279508869247698,3.150194007350537
5.198038361634794,1.280414776162041,3.1502687135603216
5.19844714793049,1.2813208156855467,3.150343429717709
5.198855679257512,1.2822269879450374,3.150418155887498
5.199263955255818,1.283133293069928,3.150492892134612
5.199671975559317,1.2840397311921639,3.1505676385240777
5.200079739795933,1.2849463024461434,3.150642395121007
5.200487247587681,1.2858530069686183,3.150717161990563
5.200894498550778,1.2867598448985718,3.150791939197925
5.201301492295765,1.287666816377068,3.1508667268082404
5.201708228427662,1.2885739215470702,3.150941524886568
5.202114706546157,1.2894811605532224,3.1510163334978096
5.202520926245834,1.2903885335415868,3.1510911527066283
5.202926887116443,1.2912960406593335,3.15116598257735
5.203332588743231,1.2922036820543732,3.151240823173848
5.203738030707323,1.293111457874924,3.1513156745594078
5.204143212586187,1.2940193682690067,3.15139053679657
5.204548133954168,1.2949274133838529,3.151465409946946
5.204952794383123,1.2958355933652228,3.1515402940710064
5.205357193443161,1.296743908356617,3.1516151892278392
5.205761330703489,1.2976523584983732,3.151690095474872
5.206165205733398,1.298560943926641,3.1517650128675605
5.206568818103373,1.2994696647722255,3.151839941459039
5.206972167386362,1.3003785211592995,3.1519148812997315
5.207375253159168,1.3012875132039843,3.1519898324369295
5.207778075003999,1.3021966410128116,3.152064794914335
5.208180632510126,1.303105904681087,3.1521397687715815
5.208582925275646,1.3040153042911853,3.152214754043737
5.208984952909293,1.3049248399108282,3.1522897507608114
5.209386715032247,1.305834511591399,3.152364758947278
5.209788211279873,1.3067443193663706,3.152439778621638
5.210189441303304,1.3076542632499235,3.15251480979605
5.210590404770789,1.308564343235836,3.152589852476042
5.210991101368729,1.3094745592967183,3.152664906660337
5.211391530802326,1.3103849113836479,3.1527399723407967
5.211791692795809,1.311295399426237,3.152815049502496
5.212191587092222,1.3122060233331343,3.1528901381239276
5.212591213452791,1.3131167829929307,3.152965238177323
5.212990571655911,1.3140276782754172,3.153040349629072
5.213389661495816,1.3149387090331188,3.1531154724402195
5.213788482781023,1.3158498751030216,3.153190606567013
5.214187035332619,1.316761176308411,3.1532657519614755
5.214585318982469,1.3176726124607425,3.1533409085719817
5.214983333571424,1.3185841833614835,3.1534160763438197
5.215381078947567,1.3194958888038746,3.1534912552197225
5.215778554964556,1.3204077285745768,3.153566445140363
5.216175761480066,1.3213197024551824,3.1536416460448025
5.216572698354375,1.3222318102235788,3.1537168578708963
5.216969365449077,1.3231440516551647,3.1537920805556507
5.217365762625934,1.32405642652392,3.1538673140355376
5.217761889745859,1.324968934603342,3.1539425582467673
5.21815774666802,1.3258815756672535,3.1540178131255243
5.218553333249061,1.3267943494905001,3.15409307860817
5.218948649342425,1.327707255849544,3.1541683546314148
5.219343694797765,1.3286202945229701,3.1542436411324664
5.21973846946044,1.3295334652919133,3.1543189380491525
5.220132973171083,1.3304467679404175,3.1543942453200264
5.220527205765233,1.331360202255737,3.1544695628844557
5.22092116707302,1.3322737680285865,3.154544890682697
5.2213148569189,1.333187465053349,3.154620228655958
5.22170827512143,1.3341012931282465,3.1546955767464504
5.22210142149308,1.3350152520554788,3.1547709348974338
5.222494295840076,1.3359293416413374,3.154846303053252
5.2228868979622725,1.3368435616962957,3.1549216811593657
5.223279227653042,1.3377579120350815,3.1549970691623774
5.223671284699193,1.3386723924767328,3.155072467010055
5.224063068880898,1.3395870028446406,3.1551478746513504
5.224454579971645,1.3405017429665813,3.155223292036415
5.224845817738188,1.3414166126747398,3.1552987191166157
5.225236781940527,1.3423316118057242,3.1553741558445476
5.225627472331886,1.3432467402005765,3.1554496021740444
5.226017888658697,1.344161997704776,3.1555250580601903
5.226408030660606,1.3450773841682404,3.1556005234593294
5.226797898070466,1.3459928994453234,3.155675998329076
5.227187490614357,1.3469085433948096,3.155751482628323
5.227576808011589,1.3478243158799086,3.155826976317253
5.22796584997473,1.3487402167682467,3.155902479357346
5.228354616209622,1.349656245931859,3.155977991711391
5.228743106415412,1.3505724032471806,3.1560535133434944
5.229131320284576,1.3514886885950372,3.1561290442190923
5.229519257502957,1.3524051018606376,3.1562045843049606
5.2299069177497985,1.3533216429335648,3.156280133569227
5.230294300697778,1.3542383117077692,3.1563556919813833
5.230681406013053,1.3551551080815616,3.1564312595122983
5.231068233355301,1.3560720319576078,3.1565068361342323
5.231454782377763,1.356989083242925,3.1565824218208514
5.231841052727292,1.357906261848877,3.1566580165472415
5.232227044044402,1.358823567691174,3.1567336202899265
5.232612755963317,1.35974100068987,3.1568092330268835
5.232998188112028,1.3606585607693658,3.1568848547375628
5.233383340112344,1.3615762478584097,3.1569604854029043
5.233768211579953,1.3624940618901016,3.1570361250053587
5.23415280212448,1.3634120028018986,3.1571117735289076
5.234537111349549,1.3643300705356216,3.1571874309590853
5.234921138852851,1.365248265037463,3.1572630972830007
5.235304884226209,1.3661665862579977,3.157338772489361
5.235688347055647,1.3670850341521932,3.157414456568496
5.236071526921465,1.368003608679423,3.1574901495123835
5.236454423398313,1.368922309803481,3.157565851314675
5.236837036055273,1.3698411374925976,3.157641561970724
5.237219364455937,1.3707600917194562,3.157717281477612
5.237601408158496,1.3716791724612123,3.15779300983418
5.237983166715828,1.3725983796995136,3.1578687470410567
5.23836463967559,1.3735177134205212,3.1579444931006906
5.238745826580318,1.3744371736149326,3.1580202480173813
5.239126726967527,1.375356760278005,3.158096011797312
5.2395073403698165,1.376276473409581,3.1581717844485837
5.239887666314981,1.3771963130141132,3.1582475659812492
5.2402677043261265,1.3781162791006927,3.1583233564073487
5.240647453921791,1.3790363716830762,3.158399155740946
5.241026914616069,1.3799565907797142,3.1584749639981653
5.2414060859187455,1.3808769364137805,3.158550781197228
5.241784967335434,1.3817974086132012,3.1586266073584923
5.242163558367719,1.3827180074106848,3.1587024425044907
5.242541858513306,1.3836387328437516,3.15877828665997
5.242919867266182,1.384559584954763,3.15885413985193
5.243297584116777,1.3854805637909506,3.1589300021096647
5.243675008552136,1.3864016694044448,3.1590058734648014
5.244052140056099,1.3873229018523008,3.1590817539513405
5.244428978109487,1.388244261196525,3.159157643605696
5.244805522190298,1.3891657475040988,3.1592335424667337
5.245181771773906,1.3900873608469988,3.1593094505758113
5.245557726333277,1.3910091013022152,3.1593853679768156
5.2459333853391845,1.3919309689517672,3.1594612947161984
5.246308748260438,1.392852963882712,3.159537230843012
5.246683814564115,1.3937750861871507,3.159613176408942
5.247058583715809,1.3946973359622268,3.1596891314683377
5.247433055179875,1.3956197133101182,3.159765096078239
5.2478072284196875,1.3965422183380212,3.1598410702983997
5.248181102897905,1.3974648511581238,3.159917054191307
5.248554678076733,1.398387611887569,3.159993047822195
5.248927953418199,1.3993105006484057,3.1600690512590517
5.249300928384421,1.4002335175675225,3.1601450645726192
5.249673602437882,1.4011566627765681,3.1602210878363852
5.250045975041697,1.4020799364118504,3.1602971211265634
5.250418045659874,1.4030033386142133,3.160373164522064
5.250789813757563,1.4039268695288911,3.160449218104448
5.251161278801291,1.404850529305332,3.1605252819578693
5.251532440259172,1.405774318096991,3.160601356168995
5.251903297601088,1.4066982360610876,3.160677440826908
5.252273850298832,1.4076222833583218,3.160753536022985
5.252644097826198,1.4085464601525461,3.160829641850745
5.253014039659015,1.4094707666103867,3.160905758405675
5.253383675275099,1.4103952029008096,3.1609818857850107
5.2537530041541185,1.411319769194626,3.1610580240874904
5.25412202577734,1.4122444656639304,3.161134173413057
5.2544907396272515,1.4131692924814678,3.161210333862519
5.254859145187021,1.4140942498199236,3.1612865055371597
5.25522724193978,1.4150193378511335,3.1613626885382895
5.255595029367693,1.41594455674521,3.161438882966743
5.255962506950799,1.4168699066695856,3.1615150889223136
5.256329674165584,1.417795387787974,3.1615913065031305
5.256696530483272,1.4187210002592565,3.1616675358049715
5.257063075367812,1.4196467442363008,3.1617437769205248
5.257429308273544,1.4205726198647297,3.1618200299385975
5.257795228642554,1.421498627281658,3.161896294943289
5.258160835901726,1.4224247666144254,3.16197257201314
5.258526129459513,1.4233510379793552,3.162048861220278
5.2588911087025005,1.4242774414805777,3.1621251626295797
5.2592557729918035,1.4252039772089558,3.162201476297878
5.259620121659407,1.4261306452411544,3.1622778022732443
5.259984154004545,1.4270574456388911,3.162354140594366
5.260347869290232,1.4279843784484016,3.162430491290053
5.260711266740064,1.428911443700143,3.1625068543788886
5.2610743455353965,1.4298386414087483,3.1625832298690417
5.261437104812982,1.4307659715732346,3.1626596177582487
5.2617995436631535,1.431693434177449,3.162736018033958
5.262161661128567,1.4326210291907318,3.162812430673634
5.262523456203536,1.4335487565687626,3.162888855645197
5.262884927833925,1.4344766162545517,3.1629652929075847
5.263246074917557,1.4354046081795346,3.1630417424114015
5.263606896305092,1.43633273226473,3.1631182040996357
5.263967390801277,1.4372609884219218,3.163194677908418
5.264327557166517,1.4381893765548373,3.1632711637677953
5.264687394118678,1.4391178965602887,3.163347661602504
5.2650469003350455,1.440046548329263,3.163424171332726
5.265406074454395,1.4409753317479435,3.1635006928748117
5.265764915079098,1.441904246698653,3.163577226141966
5.266123420777236,1.442833293060716,3.1636537710448875
5.266481590084678,1.4437624707112386,3.1637303274923596
5.266839421507103,1.444691779525805,3.1638068953917933
5.267196913521938,1.4456212193790974,3.163883474649721
5.267554064580207,1.4465507901454426,3.1639600651722417
5.267910873108278,1.4474804916992898,3.1640366668654223
5.268267337509514,1.4484103239156279,3.1641132796356572
5.268623456165814,1.4493402866703455,3.1641899033899885
5.2689792274390514,1.450270379840542,3.164266538036391
5.269334649672415,1.451200603304793,3.164343183484025
5.26968972119166,1.452130956943376,3.1644198396434597
5.2700444403062585,1.4530614406384619,3.1644965064268704
5.270398805310481,1.4539920542742757,3.1645731837482116
5.270752814484383,1.45492279773723,3.16464987152337
5.271106466094735,1.4558536709160357,3.1647265696702993
5.2714597583958716,1.4567846737017913,3.164803278109135
5.271812689630489,1.4577158059880564,3.1648799967622985
5.27216525803038,1.4586470676709082,3.1649567255545867
5.272517461817117,1.4595784586489857,3.165033464413248
5.272869299202689,1.4605099788235227,3.165110213268051
5.2732207683900985,1.4614416280983709,3.165186972051342
5.273571867573909,1.462373406380014,3.165263740698095
5.273922594940765,1.4633053135775758,3.1653405191459547
5.274272948669875,1.4642373496028218,3.1654173073352743
5.274622926933465,1.4651695143701553,3.165494105209144
5.274972527897202,1.4661018077966097,3.1655709127134184
5.275321749720599,1.4670342298018364,3.165647729796739
5.275670590557389,1.4679667803080907,3.1657245564105505
5.276019048555881,1.4688994592402143,3.165801392509115
5.276367121859301,1.469832266525616,3.1658782380495243
5.276714808606109,1.470765202094251,3.1659550929917066
5.277062106930307,1.4716982658785984,3.166031957298434
5.277409014961724,1.4726314578136377,3.1661088309353262
5.277755530826297,1.4735647778368248,3.1661857138708513
5.278101652646331,1.474498225888068,3.166262606076328
5.278447378540759,1.4754318019097017,3.166339507525922
5.278792706625376,1.4763655058464626,3.1664164181966465
5.279137635013084,1.4772993376454637,3.166493338068356
5.2794821618141095,1.4782332972561698,3.1665702671237437
5.279826285136223,1.4791673846303726,3.166647205348336
5.280170003084953,1.4801015997221665,3.1667241527304855
5.280513313763785,1.4810359424879251,3.1668011092613657
5.2808562152743646,1.4819704128862783,3.166878074934965
5.281198705716688,1.4829050108780897,3.1669550497480783
5.281540783189287,1.483839736426436,3.1670320337003015
5.281882445789417,1.4847745894965867,3.1671090267940243
5.282223691613228,1.4857095700559853,3.167186029034424
5.282564518755945,1.4866446780742315,3.1672630404294586
5.282904925312031,1.4875799135230667,3.167340060989865
5.283244909375359,1.4885152763763587,3.1674170907291512
5.283584469039371,1.4894507666100905,3.167494129663596
5.283923602397236,1.490386384202351,3.167571177812247
5.284262307542005,1.4913221291333278,3.1676482351969217
5.284600582566763,1.4922580013853037,3.167725301842212
5.284938425564774,1.4931940009426565,3.1678023777754882
5.285275834629627,1.4941301277918628,3.1678794630269107
5.285612807855374,1.495066381921506,3.167956557629443
5.285949343336664,1.4960027633222903,3.1680336616188702
5.286285439168874,1.4969392719870602,3.168110775033825
5.286621093448233,1.4978759079108268,3.168187897915818
5.286956304271944,1.4988126710908027,3.168265030309276
5.2872910697382896,1.4997495615264453,3.168342172261593
5.287625387946746,1.500686579219512,3.168419323823189
5.287959256998074,1.5016237241741266,3.1684964850475823
5.288292674994411,1.50256099639686,3.1685736559914788
5.288625640039343,1.503498395896828,3.168650836714875
5.288958150237975,1.504435922685808,3.168728027281186
5.28929020369698,1.5053735767783765,3.168805227757394
5.289621798524637,1.5063113581920728,3.168882438214226
5.289952932830845,1.5072492669475916,3.168959658726363
5.290283604727125,1.5081873030690072,3.1690368893726832
5.290613812326594,1.509125466584035,3.169114130236552
5.290943553743916,1.5100637575243365,3.1691913814061556
5.2912728270952245,1.5110021759258687,3.169268642974887
5.291601630498016,1.511940721829286,3.169345915041792
5.291929962071008,1.512879395280397,3.1694231977120815
5.292257819933973,1.5138181963306807,3.1695004910977085
5.292585202207526,1.5147571250378624,3.1695777953180198
5.292912107012891,1.5156961814665484,3.1696551105004778
5.293238532471635,1.5166353656889173,3.1697324367814526
5.293564476705382,1.5175746777854566,3.169809774307071
5.293889937835515,1.5185141178457304,3.1698871232341137
