x,y,z
1.170132639696564,1.1202173927519932,2.1601245738581873
1.1703282752756137,1.1203794574526178,2.1601285416080938
1.1705217733371887,1.1205406530768889,2.1601241621085423
1.170713124139778,1.120700977664675,2.1601114023679147
1.1709023177271018,1.1208604291789412,2.160090228660198
1.1710893439248173,1.1210190055049591,2.160060606513945
1.1712741923371286,1.121176704449491,2.160022500700915
1.171456852343302,1.1213335237399447,2.159975875224396
1.1716373130940814,1.1214894610235009,2.1599206933071886
1.1718155635080028,1.12164451386621,2.1598569173792534
1.171991592267603,1.1217986797520587,2.159784509065003
1.1721653878155225,1.1219519560820082,2.1597034291702353
1.1723369383504967,1.1221043401729969,2.159613637668694
1.172506231823234,1.1222558292569147,2.1595150936882517
1.1726732559321773,1.1224064204795428,2.1594077554966953
1.1728379981191452,1.1225561108994593,2.159291580487112
1.1730004455648495,1.1227048974869112,2.159166525162859
1.173160585184286,1.1228527771226502,2.1590325451221055
1.1733184036219926,1.1229997465967332,2.158889595041937
1.1734738872471757,1.1231458026072842,2.1587376286620032
1.1736270221486949,1.1232909417592196,2.1585765987677057
1.173777794129905,1.1234351605629331,2.1584064571729003
1.1739261887033532,1.123578455432941,2.158227154702108
1.1740721910853207,1.1237208226864868,2.1580386411722174
1.174215786190211,1.123862258542102,2.1578408653736583
1.174356958624775,1.1240027591181254,2.15763377505104
1.1744956926821712,1.1241423204311762,2.1574173168832265
1.174631972335853,1.124280938394582,2.1571914364628415
1.1747657812332792,1.1244186088167596,2.1569560782751767
1.1748971026894446,1.1245553273995477,2.156711185676491
1.175025919680218,1.124691089736489,2.1564567008716775
1.1751522148354896,1.1248258913110623,2.156192564891279
1.1752759704321163,1.1249597274948606,2.155918717567833
1.1753971683866595,1.1250925935457168,2.155635097511521
1.1755157902479103,1.1252244846057715,2.1553416420851033
1.1756318171891926,1.125355395699486,2.1550382873781135
1.1757452300004392,1.125485321731594,2.1547249681802896
1.1758560090800316,1.1256142574849948,2.154401617954214
1.1759641344263965,1.1257421976185809,2.1540681688071404
1.1760695856293504,1.1258691366650049,2.1537245514619765
1.176172341861184,1.125995069028377,2.153370695227398
1.176272381867478,1.1261199889818962,2.1530065279670585
1.1763696839576405,1.1262438906654086,2.152631976067872
1.1764642259951565,1.1263667680828964,2.15224696440733
1.1765559853875396,1.1264886150998885,2.151851416319825
1.1766449390759768,1.126609425440797,2.151445253561942
1.1767310635246528,1.1267291926861718,2.1510283962766836
1.176814334709747,1.1268479102698743,2.1506007629565946
1.1768947281080862,1.126965571476166,2.150162270405742
1.1769722186854459,1.12708216943671,2.149712833700514
1.1770467808844849,1.1271976971274815,2.1492523661491942
1.1771183886123002,1.1273121473655865,2.1487807792502696
1.1771870152275905,1.127425512805983,2.148297982649424
1.1772526335274107,1.1275377859381042,2.1478038840951723
1.177315215733507,1.1276489590823786,2.147298389393086
1.177374733478213,1.127759024386645,2.1467814023585556
1.1774311577898942,1.1278679738224575,2.146252824768043
1.1774844590779217,1.1279757991812778,2.1457125563087613
1.1775346071171602,1.1280824920705514,2.145160494526731
1.1775815710319495,1.1281880439096639,2.1445965347731457
1.1776253192795632,1.1282924459257713,2.1440205701489923
1.1776658196331236,1.128395689149503,2.1434324914478515
1.177703039163952,1.1284977644105325,2.142832187096821
1.1777369442233359,1.128598662333009,2.1422195430954805
1.1777675004236858,1.1286983733308487,2.1415944429528335
1.1777946726190653,1.1287968876028787,2.1409567676221433
1.1778184248850638,1.1288941951278297,2.1403063954335844
1.1778387204979914,1.128990285659172,2.13964320202463
1.1778555219133682,1.1290851487197893,2.1389670602680826
1.1778687907436798,1.1291787735964847,2.138277840197664
1.177878487735374,1.1292711493343146,2.137575408931064
1.1778845727450655,1.1293622647307426,2.1368596305903558
1.177887004714919,1.129452108329609,2.136130366219672
1.177885741647181,1.1295406684149087,2.1353874737000376
1.1778807405778242,1.1296279330043724,2.1346308076612477
1.1778719575492707,1.129713889842841,2.1338602193906757
1.1778593475821582,1.129798526395432,2.133075556738894
1.1778428646461125,1.1298818298404856,2.1322766640219766
1.177822461629485,1.1299637870622854,2.131463381920364
1.1777980903080165,1.130044384643547,2.1306355473741445
1.1777697013123847,1.1301236088576658,2.129792993474622
1.1777372440945908,1.1302014456607155,2.1289355493520175
1.177700666893141,1.1302778806831908,2.1280630400591574
1.177659916696973,1.1303528992214853,2.12717528645099
1.1776149392080824,1.1304264862290958,2.126272105059768
1.1775656788027933,1.1304986263075458,2.1253533079657316
1.1775120784916249,1.1305693036970172,2.124418702663108
1.1774540798776958,1.130638502266684,2.1234680919212616
1.1773916231136123,1.1307062055047372,2.1225012736407933
1.1773246468567802,1.1307723965080922,2.1215180407044074
1.1772530882230807,1.1308370579717713,2.120518180822339
1.1771768827388496,1.130900172177949,2.119501476372144
1.1770959642910932,1.1309617209846559,2.118467704232635
1.1770102650758782,1.1310216858141269,2.1174166356117534
1.1769197155448263,1.1310800476407894,2.1163480358681483
1.1768242443496457,1.1311367869788813,2.1152616643262467
1.1767237782846303,1.1311918838696908,2.1141572740845755
1.1766182422270535,1.1312453178684116,2.113034611817108
1.1765075590753868,1.1312970680306047,2.1118934175673942
1.176391649685269,1.1313471128982617,2.110733424535243
1.1762704328031537,1.131395430485466,2.1095543588557137
1.1761438249975635,1.1314419982636443,2.108355939370182
1.1760117405878787,1.131486793146408,2.1071378773892495
1.1758740915705899,1.131529791473984,2.1058998764472667
1.1757307875429477,1.1315709689972322,2.104641632048253
1.175581735623945,1.1316103008612577,2.1033628314030026
1.1754268403725714,1.1316477615886185,2.1020631531571916
1.1752660037032843,1.1316833250621405,2.1007422671103027
1.1750991247986524,1.1317169645073522,2.0993998339252307
1.1749261000191313,1.1317486524745533,2.0980355048284474
1.174746822809944,1.1317783608205425,2.096648921300649
1.174561183605055,1.13180606069003,2.095239714757857
1.174369069728241,1.1318317224967682,2.093807506222997
1.1741703652912823,1.131855315904445,2.0923519059880507
1.1739649510893218,1.1318768098073895,2.0908725132669663
1.1737527044934706,1.1318961723111511,2.089368915839589
1.173533499340772,1.1319133707130287,2.0878406896870194
1.1733072058216751,1.131928371482634,2.086287398618926
1.1730736903652221,1.1319411402425983,2.084708593893509
1.1728328155222072,1.13195164174954,2.083103813831013
1.1725844398466356,1.131959839875444,2.081472583421904
1.1723284177758917,1.131965697589618,2.0798144139311106
1.1720645995101164,1.1319691769414304,2.0781288025000424
1.1717928308914123,1.1319702390440587,2.0764152317484705
1.1715129532836184,1.131968844059524,2.0746731693788028
1.1712248034535582,1.131964951185329,2.0729020677858054
1.1709282134548404,1.1319585186430696,2.0711013636754263
1.1706230105155084,1.1319495036694518,2.0692704776971
1.170309016931083,1.1319378625102163,2.0674088140947475
1.1699860499648405,1.131923550417555,2.0655157603826813
1.1696539217575108,1.131906521651698,2.0635906870537806
1.1693124392489915,1.131886729487461,2.0616329473286688
1.168961404115148,1.1318641262266729,2.0596418769562352
1.1686006127233382,1.1318386632175466,2.057616794077725
1.168229856110962,1.1318102908822398,2.055556999168843
1.1678489199921156,1.131778958754047,2.053461775076942
1.1674575847983515,1.131744615525901,2.051330387173436
1.1670556257606377,1.131707209112143,2.049162083645217
1.1666428130408806,1.1316666867258363,2.0469560959531456
1.1662189119228972,1.131622994974276,2.044711639490734
1.1657836830745067,1.131576079975788,2.042427914482114
1.1653368828945265,1.1315258875014227,2.0401041071654546
1.1648782639609554,1.131472363145751,2.037739391316334
1.1644075755995904,1.1314154525316749,2.0353329301754535
1.1639245645958278,1.131355101554991,2.032883878856785
1.1634289760765508,1.1312912566754134,2.0303913873261057
1.1629205545939354,1.1312238652618953,2.0278546040562837
1.1623990454488415,1.1311528760014227,2.025272680485168
1.1618641962983822,1.1310782393820096,2.022644776425
1.161315759100477,1.130999908262455,2.019970066599629
1.1607534924579248,1.130917838543556,2.0172477485182356
1.1601771644360679,1.13083198995798,2.014477051932649
1.1595865559417602,1.1307423269989092,2.0116572501707783
1.1589814647674834,1.1306488200109814,2.0087876736923085
1.158361710423468,1.1305514464709856,2.0058677262760654
1.1577271399030429,1.1304501924903405,2.0028969043227827
1.1570776345526348,1.1303450545766227,1.9998748198440424
1.156413118248379,1.1302360416973949,1.9968012278095695
1.15573356711667,1.1301231776963419,1.9936760586424251
1.1550390210765802,1.1300065041192613,1.9904994567862575
1.1543295975281302,1.1298860835157123,1.9872718264213893
1.1536055075618261,1.1297620032909423,1.9839938855767376
1.1528670751210335,1.1296343801917768,1.9806667300701981
1.1521147596081225,1.129503365518933,1.9772919089060208
1.1513491824850113,1.1293691511658361,1.9738715129541553
1.1505711584738325,1.1292319765891095,1.9704082789170605
1.1497817320060424,1.1290921368164843,1.9669057107275696
1.1489822195862172,1.1289499915909582,1.9633682205764573
1.1481742587119608,1.1288059757314888,1.9598012916800798
1.147359863897775,1.1286606107546104,1.9562116645802343
1.1465414901521616,1.1285145177404485,1.9526075480995875
1.14572210390488,1.1283684313309057,1.948998854894651
1.1449052608123664,1.1282232146053106,1.9453974596459833
1.1440951890075821,1.1280798743760425,1.9418174750494035
1.1432968751210688,1.1279395761700544,1.9382755366419786
1.142516148701851,1.1278036578017305,1.9347910818461334
1.1417597584580508,1.1276736399972132,1.931386601275894
1.1410354310371507,1.1275512320176886,1.9280878313914813
1.1403519000291167,1.1274383296974015,1.9249238475325674
1.1397188898730517,1.127337002854906,1.9219270064471534
1.1391470370505294,1.1272494688039538,1.9191326798980535
1.1386477303726454,1.127178048891886,1.9165787191510313
1.138232854615028,1.1271251058702403,1.9143045984449847
1.1379144285622775,1.1270929616663932,1.9123502083319919
1.1377041405583093,1.1270837978498942,1.910754309893355
1.137612801605241,1.1270995445730763,1.9095527171765352
1.1376497557160195,1.1271417674349602,1.9087763404061
1.1378223053034795,1.1272115646291856,1.9084492822747718
1.1381352201993582,1.1273094877988374,1.9085872150624
1.1385903972249107,1.127435498397543,1.9091962602219403
1.1391867207555073,1.127588966918968,1.910272536834339
1.1399201457772292,1.1277687159281955,1.9118024489022785
1.1407839903966102,1.1279731010046092,1.9137636667531084
1.1417693936708901,1.128200118278511,1.9161266548647629
1.142865874661956,1.1284475245009324,1.9188565326433589
1.1440619233303928,1.1287129558664983,1.921915037694166
1.1453455619875954,1.1289940345151261,1.9252623885095923
1.1467048327936502,1.1292884556299947,1.9288588994838396
1.1481281864679889,1.1295940521513839,1.9326662666125805
1.1496047652320207,1.12990883749567,1.936648501456734
1.1511245863154718,1.1302310289212965,1.9407725349985212
1.1526786404069276,1.1305590553217564,1.9450085395536378
1.1542589228546503,1.130891553480913,1.949330028098201
1.1558584154949503,1.1312273565048656,1.9537137904609698
1.1574710350369601,1.1315654775266921,1.9581397192599264
1.1590915610571972,1.1319050910726636,1.962590568852382
1.1607155536065545,1.1322455138091272,1.967051680407177
1.162339267643466,1.13258618582214,1.9715106969384295
1.163959569180416,1.13292665313721,1.9759572844199567
1.165573856214059,1.13326655185871,1.9803828690788443
1.1671799861643521,1.1336055940801566,1.9847803965163573
1.1687762105998547,1.1339435555664854,1.9891441151712452
1.1703611173901955,1.134280265117639,1.993469384542443
1.1719335800242958,1.1346155954722588,1.9977525072641955
1.1734927135983797,1.1349494555877055,2.001990583357962
1.1750378368592673,1.1352817841280947,2.006181384599937
1.1765684396469056,1.1356125439984508,2.0103232468113843
1.1780841550872732,1.1359417177755589,2.0144149779076272
1.1795847359228733,1.136269303901413,2.018455779664895
1.1810700344195078,1.136595313521278,2.0224451813377677
1.1825399853460288,1.1369197678640537,2.0263829834544222
1.183994591582696,1.1372426960771718,2.0302692103138633
1.1854339119702488,1.1375641334413584,2.034104069897739
1.1868580510640125,1.1378841199021217,2.0378879200832642
1.1882671505044167,1.1382026988648368,2.041621240200382
1.189661381756992,1.138519916208886,2.045304607114883
1.1910409400113715,1.138835819483607,2.048938675140346
1.1924060390603937,1.1391504572549813,2.0525241591865866
1.1937569070075729,1.1394638785771742,2.0560618206424386
1.1950937826744186,1.1397761325673907,2.0595524555677165
1.1964169125988842,1.1400872680661416,2.0629968848348192
1.1977265485330197,1.1403973333680417,2.0663959459161085
1.199022945362149,1.1407063760107858,2.0697504860603546
1.200306359379928,1.14101444261204,2.0730613566414227
1.2015770468638223,1.1413215787457371,2.076329408496051
1.202835262904132,1.1416278288507018,2.0795554880960023
1.204081260446942,1.141933236165746,2.082740434423845
1.2053152895174974,1.1422378426863629,2.0858850764418664
1.206537596595666,1.1425416891389866,2.088990231060672
1.2077484241195073,1.142844814969467,2.092056701528439
1.2089480100966528,1.1431472583429891,2.095085276173943
1.210136587806303,1.143449056153137,2.0980767274467436
1.2113143855772865,1.1437502440382015,2.1010318112065907
1.2124816266298348,1.144050856403161,2.1039512662214466
1.2136385289706204,1.1443509264460365,2.1068358138397274
1.2147853053321913,1.1446504861875515,2.1096861578076123
1.215922163149286,1.1449495665032188,2.112502984206725
1.2170493045656585,1.1452481971571318,2.1152869614912637
1.2181669264660142,1.145546406836871,2.118038740606849
1.219275220528481,1.1458442231890453,2.1207589551760835
1.2203743732937404,1.1461416728550795,2.123448221738113
1.2214645662475414,1.1464387815069341,2.1261071400314475
1.2225459759138217,1.1467355738825087,2.128736293310961
1.223618773956097,1.1470320738205275,2.131336248691406
1.2246831272851406,1.1473283042947569,2.133907557510986
1.2257391981712924,1.1476242874474307,2.136450755709556
1.22678714436,1.147920044621799,2.1389663642168832
1.2278271191894192,1.148215596393731,2.1414548893471688
1.2288592717090994,1.1485109626023307,2.143916823196631
1.2298837467989383,1.148806162379534,2.1463526440415164
1.230900685287733,1.1491012141786745,2.1487628167343518
1.231910224070774,1.1493961358020115,2.151147793096638
1.2329124962260263,1.1496909444272265,2.1535080123065247
1.2339076311285346,1.1499856566328985,2.1558439012802824
1.234895754562755,1.150280288422976,2.1581558750466305
1.2358769888325833,1.150574855250265,2.160444337113176
1.2368514528689,1.150869372038961,2.162709679824398
1.2378192623344977,1.151163853206247,2.16495228471075
1.2387805297262913,1.1514583126829923,2.1671725228285816
1.2397353644747497,1.151752763933576,2.1693707550906747
1.240683873040505,1.1520472199748701,2.1715473325872843
1.2416261590081232,1.1523416933944106,2.1737025968976407
1.2425623231770413,1.1526361963677891,2.1758368803919295
1.2434924636496807,1.1529307406752956,2.177950506523818
1.2444166759167725,1.1532253377178414,2.180043790113636
1.2453350529399299,1.1535199985321942,2.1821170376223455
1.2462476852315156,1.1538147338055518,2.1841705474164765
1.2471546609318611,1.154109553889485,2.1862046100242027
1.2480560658838935,1.1544044688132769,2.188219508382775
1.2489519837052359,1.154699488296683,2.1902155180775185
1.2498424958578451,1.1549946217621414,2.1921929075726228
1.2507276817152582,1.155289878346454,2.194151938433957
1.2516076186275127,1.1555852669119662,2.196092865544143
1.2524823819838158,1.1558807960572641,2.198015937310128
1.2533520452730285,1.156176474127415,2.1999213958634853
1.2542166801420382,1.1564723092237683,2.2018094772536925
1.2550763564520875,1.1567683092133407,2.203680411634607
1.2559311423331274,1.157064481737801,2.2055344234443823
1.256781104236265,1.1573608342220771,2.2073717315790398
1.2576263069843698,1.157657373882598,2.209192549559928
1.2584668138209032,1.1579541077351914,2.2109970856952814
1.2593026864570358,1.1582510426026513,2.2127855432360914
1.2601339851171147,1.1585481851219903,2.2145581205264953
1.2609607685825377,1.1588455417513917,2.2163150111488834
1.261783094234095,1.1591431187768746,2.2180564040639195
1.2626010180928355,1.1594409223186872,2.21978248374566
1.2634145948595086,1.1597389583374371,2.2214934303119573
1.2642238779526374,1.1600372326399742,2.223189419650321
1.265028919545274,1.1603357508850347,2.2248706235394047
1.2658297706004844,1.16063451858866,2.2265372097662883
1.2666264809056123,1.1609335411293964,2.2281893422397077
1.2674190991053653,1.1612328237532905,2.2298271810993873
1.2682076727337708,1.161532371578686,2.2314508828216217
1.2689922482450398,1.1618321896008315,2.2330606003212465
1.2697728710433844,1.1621322826963087,2.234656483050136
1.2705495855118238,1.1624326556272886,2.236238677092356
1.2713224350400185,1.162733313045622,2.2378073252561004
1.2720914620511703,1.1630342594967749,2.239362567162528
1.2728567080280204,1.1633354994236105,2.2409045393316216
1.2736182135379814,1.1636370371700309,2.242433375265176
1.2743760182574335,1.1639388769844787,2.243949205527021
1.2751301609952181,1.1642410230233087,2.2454521578205897
1.2758806797153566,1.1645434793540326,2.246942357063923
1.2766276115590236,1.164846249958445,2.2484199254622084
1.2773709928658037,1.1651493387356335,2.249884982577945
1.2781108591942543,1.1654527495048772,2.2513376453988214
1.278847245341804,1.1657564860084424,2.2527780284033896
1.2795801853640083,1.1660605519142755,2.254206243624616
1.2803097125931866,1.1663649508185996,2.2556224007113896
1.2810358596564637,1.1666696862484185,2.2570266069880573
1.2817586584932354,1.166974761663932,2.2584189675120605
1.2824781403720815,1.1672801804608666,2.2597995851297394
1.2831943359071434,1.167585945972723,2.2611685605303764
1.2839072750739875,1.167892061472948,2.262525992298533
1.2846169872249718,1.16819853017703,2.263871976964747
1.2853235011041322,1.1685053552445224,2.265206609054648
1.2860268448616081,1.1688125397809994,2.266529981136546
1.2867270460676208,1.169120086839945,2.2678421838675433
1.2874241317260218,1.1694279994245784,2.269143306038229
1.2881181282874254,1.1697362804896194,2.2704334346159993
1.2888090616619408,1.1700449329429947,2.2717126547870534
1.289496957231515,1.1703539596474888,2.272981049997111
1.2901818398619045,1.170663363422341,2.274238701990896
1.2908637339142839,1.1709731470447904,2.275485690850426
1.2915426632565052,1.1712833132515723,2.276722095032152
1.2922186512740212,1.171593864740366,2.277947991402983
1.2928917208804822,1.1719048041711977,2.279163455275238
1.2935618945280176,1.1722161341677986,2.280368560440557
1.294229194217214,1.172527857318922,2.2815633792028076
1.2948936415067975,1.172839976179619,2.2827479824100223
1.2955552575230334,1.173152493272476,2.2839224394853943
1.2962140629688474,1.1734654110888134,2.2850868184573674
1.2968700781326838,1.1737787320898507,2.2862411859888456
1.2975233228971035,1.174092458707834,2.2873856074055547
1.2981738167471337,1.1744065933471333,2.288520146723579
1.2988215787783763,1.1747211383853051,2.289644866676106
1.2994666277048816,1.1750360961741266,2.2907598287393958
1.3001089818667968,1.1753514690405993,2.2918650931580085
1.3007486592377941,1.1756672592879231,2.292960718969307
1.3013856774322878,1.1759834691964457,2.2940467640272626
1.302020053712445,1.1763001010245828,2.295123285025578
1.302651804994996,1.1766171570097153,2.2961903375201596
1.303280947857854,1.1769346393690605,2.297247975950949
1.303907498546545,1.1772525503005218,2.29829625366314
1.3045314729804578,1.177570891983513,2.2993352229277964
1.3051528867589164,1.1778896665797647,2.3003649349618898
1.3057717551670827,1.1782088762341059,2.301385439947776
1.3063880931816938,1.1785285230752285,2.302396787052125
1.3070019154766372,1.1788486092164316,2.3033990244443228
1.3076132364283706,1.1791691367563466,2.3043921993143566
1.3082220701211906,1.179490107779645,2.305376357890206
1.3088284303523539,1.1798115243577292,2.306351545454745
1.3094323306370548,1.1801333885494065,2.3073178063621804
1.310033784213266,1.1804557024015474,2.308275184054026
1.3106328040464423,1.1807784679497282,2.3092237210746385
1.311229402834095,1.1811016872188593,2.310163459086324
1.3118235930102373,1.1814253622237993,2.3110944388840187
1.3124153867497081,1.1817494949699556,2.3120167004095715
1.3130047959723734,1.182074087453871,2.312930282765623
1.313591832347211,1.1823991416638,2.313835224229105
1.314176507296283,1.18272465958027,2.314731562264363
1.3147588319985941,1.1830506431766334,2.3156193335359165
1.3153388173938456,1.1833770944196076,2.3164985739208612
1.315916474186082,1.1837040152698037,2.317369318520932
1.3164918128472363,1.1840314076822465,2.3182316016742246
1.317064843620575,1.1843592736068826,2.3190854569665933
1.317635576524047,1.1846876149890817,2.3199309172427296
1.3182040213535373,1.1850164337701259,2.32076801461693
1.3187701876860278,1.185345731887692,2.3215967804835618
1.3193340848826702,1.1856755112763262,2.3224172455272334
1.3198957220917693,1.1860057738679082,2.3232294397326783
1.3204551082516813,1.1863365215921107,2.3240333923943575
1.3210122520936296,1.1866677563768493,2.32482913212579
1.3215671621444376,1.186999480148727,2.325616686868615
1.3221198467291837,1.1873316948334705,2.3263960839013933
1.3226703139737768,1.1876644023563618,2.327167349848157
1.3232185718074574,1.187997604642663,2.3279305106867074
1.3237646279652242,1.1883313036180343,2.328685591756673
1.3243084899901876,1.1886655012089484,2.32943261776733
1.3248501652358533,1.1890001993430983,2.330171612805188
1.3253896608683358,1.1893353999498009,2.330902600341355
1.3259269838685044,1.1896711049603952,2.331625603238675
1.3264621410340633,1.1900073163086364,2.3323406437586525
1.3269951389815662,1.1903440359310868,2.3330477435681627
1.3275259841483669,1.1906812657675003,2.333746923745956
1.3280546827945086,1.191019007761206,2.334438204788956
1.3285812410045517,1.1913572638594858,2.335121606618363
1.3291056646893409,1.1916960360139512,2.335797148585556
1.329627959587715,1.1920353261809145,2.3364648494778093
1.3301481312681576,1.192375136321759,2.337124727523817
1.3306661851303925,1.192715468403306,2.337776800399035
1.3311821264069228,1.1930563243981793,2.3384210852308427
1.3316959601645155,1.1933977062851677,2.3390575986035267
1.3322076913056329,1.1937396160495852,2.339686356563088
1.3327173245698107,1.1940820556836296,2.340307374621882
1.3332248645349851,1.1944250271867392,2.340920667763088
1.3337303156187676,1.1947685325659485,2.341526250445011
1.3342336820796714,1.1951125738362427,2.3421241366052246
1.334734968018286,1.1954571530209104,2.3427143396645502
1.335234177378406,1.1958022721518962,2.343296872530882
1.3357313139481088,1.1961479332701521,2.3438717476028503
1.3362263813607878,1.1964941384259895,2.34443897677334
1.3367193830961366,1.1968408896794285,2.344998571432849
1.3372103224810887,1.1971881891005496,2.3455505424727057
1.3376992026907106,1.1975360387698444,2.3460949002881333
1.3381860267490508,1.1978844407785656,2.346631654781171
1.3386707975299434,1.1982333972290788,2.347160815363453
1.3391535177577687,1.1985829102352143,2.347682390958844
1.3396341900081692,1.1989329819226193,2.348196390005934
1.3401128167087235,1.199283614429111,2.348702820460397
1.340589400139577,1.1996348099050314,2.3492016897972086
1.3410639424340305,1.1999865705136021,2.349693005012732
1.3415364455790866,1.2003388984312824,2.350176772626664
1.3420069114159545,1.2006917958481265,2.350652998683852
1.3424753416405142,1.2010452649681445,2.3511216887559754
1.342941737803738,1.201399308009664,2.3515828479430985
1.3434061013120735,1.2017539272056947,2.352036480875088
1.3438684334277835,1.2021091248042939,2.352482591712906
1.3443287352692477,1.2024649030689358,2.35292118414977
1.3447870078112232,1.2028212642788827,2.3533522614121862
1.3452432518850648,1.2031782107295588,2.353775826260855
1.345697468178906,1.2035357447329273,2.354191880991449
1.3461496572377996,1.2038938686178706,2.354600427435263
1.346599819463819,1.2042525847305725,2.3550014669597417
1.3470479551161196,1.2046118954349059,2.355395000468874
1.3474940643109616,1.204971803112823,2.3557810284034693
1.347938147021691,1.2053323101647482,2.3561595507413027
1.348380203078683,1.205693419009978,2.3565305669971366
1.3488202321692448,1.2060551320870814,2.3568940762226163
1.3492582338374801,1.2064174518543076,2.35725007700604
1.3496942074841107,1.2067803807899964,2.3575985674720026
1.3501281523662618,1.207143921392994,2.3579395452809138
1.3505600675972051,1.207508076183074,2.35827300762839
1.3509899521460627,1.2078728477013638,2.3585989512445185
1.3514178048374696,1.208238238510774,2.3589173723929946
1.351843624351197,1.2086042511964363,2.3592282668701334
1.3522674092217346,1.2089708883661463,2.35953163000375
1.35268915783783,1.2093381526508107,2.359827456651913
1.35310886844199,1.2097060467049023,2.3601157412015668
1.353526539129938,1.2100745732069211,2.3603964775670248
1.35394216785003,1.2104437348598616,2.3606696591883307
1.354355752402629,1.2108135343916866,2.3609352790294866
1.3547672904394361,1.2111839745558095,2.3611933295765497
1.3551767794627785,1.2115550581315824,2.3614438028355913
1.3555842168248546,1.2119267879247924,2.361686690330523
1.3559895997269358,1.2122991667681653,2.3619219831007854
1.3563929252185218,1.2126721975218784,2.3621496716988952
1.356794190196453,1.2130458830740805,2.362369746187857
1.3571933914039769,1.2134202263414202,2.3625821961384292
1.3575905254297678,1.213795230269585,2.3627870106262514
1.3579855887069012,1.2141708978338468,2.362984178228821
1.35837857751178,1.2145472320396193,2.363173687022329
1.3587694879630132,1.2149242359230235,2.3633555245783424
1.3591583160202458,1.2153019125514637,2.363529677960339
1.3595450574829397,1.215680265024214,2.3636961337200884
1.3599297079891046,1.2160592964730155,2.3638548778938753
1.3603122630139775,1.2164390100626832,2.3640058959985697
1.360692717868651,1.2168194089917264,2.3641491730275357
1.3610710676986495,1.2172004964929786,2.3642846934463746
1.361447307482451,1.217582275834241,2.3644124411885086
1.361821432029955,1.2179647503189366,2.3645323996505914
1.362193435980896,1.2183479232867793,2.3646445516877512
1.3625633138031985,1.2187317981144539,2.3647488796086584
1.3629310597912767,1.2191163782163101,2.3648453651704178
1.3632966680642749,1.219501667045072,2.364933989573278
1.3636601325642477,1.2198876680925597,2.3650147334551606
1.364021447054281,1.2202743848904265,2.3650875768859985
1.3643806051165492,1.2206618210109121,2.3651524993618867
1.36473760015031,1.2210499800676096,2.3652094797990366
1.3650924253698342,1.2214388657162503,2.3652584965275327
1.3654450738022703,1.2218284816555038,2.365299527284885
1.3657955382854403,1.2222188316277967,2.3653325492093753
1.366143811465568,1.2226099194201463,2.365357538833193
1.3664898857949355,1.2230017488650153,2.3653744720753545
1.366833753529469,1.2233943238411833,2.365383324234399
1.36717540672625,1.2237876482746377,2.365384069980863
1.3675148372409516,1.224181726139485,2.3653766833495213
1.3678520367251965,1.2245765614588815,2.3653611377313917
1.3681869966238382,1.2249721583059863,2.365337405865499
1.3685197081721592,1.2253685208049343,2.36530545983039
1.368850162392987,1.2257656531318335,2.365265271035398
1.3691783500937253,1.2261635595157825,2.365216810211645
1.369504261863299,1.2265622442399142,2.365160047402779
1.3698278880690078,1.2269617116424627,2.3650949519554385
1.3701492188532904,1.2273619661178552,2.365021492509439
1.3704682441303937,1.22776301211783,2.364939636987672
1.3707849535829462,1.2281648541525811,2.3648493525857095
1.3710993366584323,1.2285674967919307,2.3647506057611096
1.371411382565565,1.2289709446665291,2.36464336222241
1.3717210802705546,1.2293752024690852,2.364527586917806
1.372028418493271,1.2297802749556253,2.364403244023504
1.3723333857032949,1.2301861669467848,2.364270296931735
1.3726359701158573,1.230592883329131,2.3641287082384324
1.3729361596876617,1.2310004290565189,2.3639784397305483
1.3732339421125885,1.231408809151481,2.3638194523730145
1.3735293048172754,1.2318180287066536,2.363651706295325
1.373822234956572,1.2322280928862375,2.3634751607777376
1.3741127194088656,1.2326390069274973,2.363289774237081
1.3744007447712718,1.233050776142299,2.3630955042121573
1.3746862973546896,1.2334634059186886,2.3628923073487234
1.3749693631787139,1.233876901722509,2.3626801393840484
1.375249927966402,1.2342912690990637,2.3624589551310256
1.3755279771388922,1.23470651367482,2.3622287084618305
1.3758034958098653,1.2351226411591616,2.361989352291111
1.37607646877985,1.2355396573461845,2.3617408385586933
1.3763468805303614,1.2359575681165444,2.3614831182117957
1.3766147152178736,1.2363763794393516,2.3612161411867234
1.376879956667616,1.2367960973741194,2.3609398563900426
1.377142588367191,1.2372167280727648,2.3606542116792064
1.3774025934600067,1.2376382777816652,2.3603591538426225
1.3776599547385189,1.2380607528437713,2.3600546285791424
1.3779146546372758,1.2384841597007799,2.359740580476953
1.3781666752257598,1.2389085048953674,2.359416952991857
1.3784159982010193,1.2393337950734862,2.3590836884249144
1.3786626048800859,1.2397600369867263,2.3587407278994332
1.3789064761921646,1.2401872374947454,2.358388011337283
1.3791475926705978,1.2406154035677672,2.35802547743451
1.379385934444588,1.2410445422891543,2.3576530636362363
1.3796214812306753,1.2414746608580534,2.3572707061108082
1.379854212323961,1.2419057665921198,2.356878339723184
1.380084106589069,1.242337866930322,2.356475898007524
1.3803111424508345,1.2427709694358284,2.3560633131389617
1.3805352978847136,1.2432050817989813,2.3556405159045273
1.3807565504069017,1.2436402118403582,2.3552074356731962
1.3809748770641521,1.2440763675139281,2.354764000365032
1.3811902544232852,1.2445135569103012,2.3543101364193917
1.3814026585603758,1.244951788260079,2.3538457687621652
1.3816120650496089,1.2453910699373065,2.3533708207720108
1.381818448951792,1.2458314104630324,2.352885214245555
1.3820217848025114,1.2462728185089769,2.3523888693615223
1.3822220465999204,1.246715302901318,2.3518817046437515
1.3824192077921476,1.247158872624594,2.3513636369230673
1.382613241264308,1.247603536825729,2.3508345812979594
1.3828041193251084,1.2480493048181895,2.3502944510940322
1.382991813693027,1.2484961860862704,2.3497431578221786
1.383176295482056,1.248944190289521,2.3491806111354316
1.3833575351869876,1.249393327267313,2.34860671878445
1.3835355026682319,1.249843607043558,2.3480213865715833
1.3837101671361431,1.2502950398315786,2.34742451830347
1.383881497134842,1.2507476360391412,2.3468160157421085
1.3840494605255123,1.251201406273653,2.3461957785543524
1.3842140244691523,1.2516563613475344,2.3455637042597677
1.3843751554087635,1.2521125122837709,2.344919688176791
1.3845328190509507,1.2525698703216503,2.3442636233671283
1.3846869803469166,1.2530284469226967,2.3435954005783257
1.384837603472825,1.253488253776804,2.3429149081844454
1.3849846518095086,1.2539493028085826,2.342222032124777
1.3851280879214984,1.2544116061839221,2.341516655840506
1.385267873535347,1.2548751763167825,2.3407986602092645
1.3854039695172196,1.2553400258762226,2.3400679234774864
1.3855363358497248,1.255806167793674,2.3393243211904764
1.3856649316079555,1.2562736152704708,2.3385677261201114
1.3857897149347085,1.2567423817856473,2.3377980081900818
1.3859106430148536,1.2572124811040133,2.337015034398576
1.3860276720488152,1.2576839272845177,2.3362186687383124
1.3861407572251363,1.2581567346889142,2.3354087721138117
1.3862498526920852,1.25863091799074,2.3345852022558096
1.3863549115282692,1.2591064921846225,2.3337478136326917
1.3864558857122162,1.2595834725959247,2.332896457358838
1.3865527260908845,1.2600618748907475,2.3320309810997566
1.3866453823470555,1.2605417150862988,2.3311512289738796
1.3867338029655691,1.2610230095616508,2.3302570414508934
1.386817935198355,1.261505775068897,2.329348255246465
1.3868977250282095,1.2619900287447279,2.328424703213225
1.3869731171312738,1.2624757881224435,2.3274862142278616
1.387044054838157,1.2629630711444204,2.3265326130741717
1.3871104800936558,1.2634518961750523,2.3255637203219144
1.38717233341501,1.2639422820141855,2.3245793522013
1.3872295538486423,1.2644342479110697,2.32357932047295
1.38728207892532,1.2649278135788462,2.3225634322931468
1.3873298446136748,1.2654229992095953,2.321531490074198
1.3873727852720246,1.2659198254899682,2.3204832913397238
1.387410833598423,1.2664183136174278,2.319418628574676
1.3874439205788758,1.2669184853171238,2.3183372890698912
1.3874719754336504,1.267420362859428,2.3172390547609685
1.3874949255616091,1.26792396907816,2.3161237020612657
1.3875126964824915,1.2684293273895302,2.3149910016888
1.3875252117770709,1.2689364618118293,2.3138407184868237
1.3875323930251084,1.2694453969858979,2.312672611237865
1.3875341597410258,1.2699561581964054,2.311486432470987
1.3875304293072177,1.270468771393972,2.310281928262052
1.3875211169049237,1.270983263218168,2.309058838026744
1.387506135442578,1.2714996610214242,2.307816894306121
1.3874853954815574,1.2720179928938897,2.3065558225444653
1.3874588051592462,1.2725382876892721,2.3052753408591955
1.3874262701093403,1.273060575051698,2.3039751598026177
1.3873876933793103,1.2735848854436291,2.302654982115296
1.3873429753449542,1.2741112501748746,2.30131450247083
1.3872920136219644,1.2746397014327313,2.2999534072118437
1.3872347029744487,1.2751702723132947,2.298571374077009
1.3871709352203443,1.2757029968539726,2.297168071918944
1.3871005991336771,1.2762379100672367,2.2957431604128566
1.3870235803436288,1.276775047975648,2.294296289755844
1.3869397612303849,1.2773144476481821,2.292827100356786
1.3868490208177588,1.2778561472378878,2.291335222516843
1.386751234662601,1.278400186020895,2.28982027610061
1.3866462747410302,1.278946604436798,2.288281870198072
1.3865340093315535,1.2794954441304212,2.2867196027775747
1.3864143028951708,1.28004674799497,2.2851330603301574
1.3862870159526088,1.2806005602165664,2.2835218175056933
1.3861520049588714,1.281156926320145,2.2818854367414554
1.386009122175354,1.2817158932166814,2.2802234678838915
1.3858582155398416,1.2822775092517007,2.2785354478046056
1.3856991285347813,1.2828418242549955,2.27682090001179
1.3855317000543295,1.2834088895914573,2.275079334258645
1.385355764270774,1.283978758212895,2.2733102461506656
1.3851711505010695,1.284551484710677,2.2715131167540736
1.3849776830743836,1.2851271253689922,2.2696874122081607
1.384775181201726,1.2857057382184742,2.2678325833448474
1.3845634588489568,1.2862873830898698,2.265948065319434
1.38434232461472,1.2868721216673638,2.2640332772572793
1.384111581615146,1.2874600175410849,2.262087621922047
1.3838710273775177,1.2880511362582183,2.260110485412226
1.3836204537455103,1.2886455453720265,2.2581012368938747
1.3833596467990927,1.2892433144879403,2.256059228379001
1.3830883867927566,1.2898445153057139,2.2539837945607277
1.3828064481164068,1.2904492216564336,2.2518742527184012
1.3825135992840376,1.2910575095329357,2.2497299027082103
1.3822096029562547,1.2916694571119056,2.247550027057675
1.381894216003799,1.292285144765595,2.245333891185695
1.3815671896205288,1.2929046550606975,2.2430807437737417
1.3812282694958458,1.293528072741452,2.240789817318395
1.3808771960583617,1.294155484693478,2.238460328900874
1.3805137048047416,1.294786979884186,2.23609148121563
1.3801375267301912,1.295422649274806,2.2336824639076927
1.3797483888800492,1.2960625856981354,2.23123245527744
1.3793460150454973,1.296706883694984,2.2287406244221284
1.3789301266306027,1.297355639300945,2.2262061338961203
1.378500443722897,1.2980089497735297,2.223628142986702
1.3780566864056016,1.2986669132477888,2.2210058117200946
1.377598576356631,1.2993296283062745,2.2183383057332615
1.3771258387878167,1.299997193446473,2.2156248021720217
1.3766382047876708,1.3006697064256063,2.2128644968054765
1.3761354141426965,1.3013472634588363,2.2100566125817322
1.3756172187261149,1.3020299582422932,2.2072004098912807
1.37508338655927,1.302717880766876,2.204295198853335
1.3745337066703316,1.3034111158822497,2.201340353998166
1.3739679948977312,1.3041097415627223,2.198335331786476
1.3733861008125536,1.3048138268175389,2.1952796914866175
1.3727879159654366,1.3055234291773248,2.192173120023677
1.3721733836999546,1.3062385916757524,2.189015461522713
1.3715425108164963,1.3069593392307353,2.185806752393207
1.3708953814186695,1.3076856743123872,2.1825472629441833
1.3702321733283822,1.3084175717654827,2.1792375466796314
1.3695531775156273,1.3091549726322096,2.1758784986007567
1.3688588210534898,1.3098977767968485,2.1724714240316114
1.368149694175692,1.3106458342482281,2.169018119680726
1.367426582078895,1.3113989347295831,2.165520968840763
1.3666905021680567,1.3121567955208282,2.1619830527900117
1.3659427474795358,1.312919047078641,2.1584082805609834
1.3651849370168054,1.3136852162503463,2.154801539232981
1.3644190736735353,1.3144547067862775,2.1511688667151136
1.3636476102641617,1.3152267769134134,2.147517648511653
1.362873523885998,1.3160005138165707,2.143856839063003
1.3621003983375497,1.3167748050236727,2.1401972067488826
1.3613325135372916,1.3175483069361373,2.136551599295129
1.360574939734846,1.3183194111173828,2.1329352228732135
1.3598336326872669,1.3190862094881082,2.129365923342794
1.3591155238080364,1.319846460309469,2.1258644516333
1.358428596559458,1.3205975577824465,2.1224546871219743
1.3577819371362763,1.3213365092363236,2.1191637833103933
1.3571857440594437,1.3220599251398648,2.116022189976438
1.356651278233815,1.3227640283646234,2.1130634969940356
1.356190733261357,1.3234446899479082,2.1103240399732814
1.3558170066540651,1.3240974985890324,2.1078422106793924
1.3555433575804845,1.3247178697160316,2.1056574303443014
1.3553829472208863,1.3253011966690043,2.1038087753428325
1.3553482741058946,1.325843041126137,2.102333293386853
1.355450537636189,1.3263393526953953,2.101264110312406
1.3556989846651608,1.3267866997734232,2.1006284917093474
1.3561003108144427,1.327182487290651,2.1004460729153798
1.3566581936982232,1.3275251341092034,2.1007274863560155
1.3573730249659473,1.3278141853808736,2.1014735837080516
1.3582418819742066,1.3280503434112676,2.1026753719919307
1.3592587433559715,1.3282354129009402,2.1043146737252316
1.3604149151163252,1.3283721697193749,2.1063654095969055
1.3616996049180474,1.3284641731462992,2.108795316717804
1.3631005683588413,1.3285155473207,2.111567875258661
1.3646047533703038,1.32853075780674,2.114644224151579
1.3661988836646675,1.3285144047813218,2.11798489121992
1.3678699432259405,1.3284710474149382,2.121551226103743
1.369605545153628,1.3284050666675202,2.1253064877443975
1.3713941855703171,1.3283205674893284,2.129216589739689
1.3732253950009878,1.3282213170447619,2.133250541348264
1.3750898057185215,1.3281107131299785,2.1373806396914925
1.3769791552009099,1.3279917760896756,2.141582473325959
1.3788862445708807,1.3278671577592298,2.1458347933556414
1.3808048680561127,1.3277391617943384,2.1501192996902323
1.3827297261350842,1.3276097708376198,2.1544203799481294
1.3846563317616047,1.327480677071528,2.158724828741496
1.3865809162245897,1.3273533136874744,2.163021566645074
1.3885003389202868,1.3272288856069392,2.1673013713890175
1.39041200358636,1.3271083984139973,2.1715566287030765
1.3923137823016514,1.3269926849178586,2.1757811065627766
1.394203947699974,1.3268824290869314,2.179969754070456
1.3960811132893118,1.3267781873124431,2.1841185245708097
1.3979441814292015,1.3266804070968083,2.1882242216130976
1.399792298334062,1.3265894433421497,2.192284365837746
1.4016248153891129,1.3265055724551809,2.196297080636167
1.4034412560516651,1.3264290044992428,2.2002609944009515
1.4052412876379536,1.3263598936221617,2.2041751572721466
1.40702469734631,1.3262983469764895,2.2080389704411645
1.40879137192937,1.3262444323311815,2.211852126261716
1.4105412804934105,1.3261981845538782,2.2156145576143422
1.412274459967085,1.3261596111226415,2.2193263951637645
1.4139910028420106,1.3261286968064037,2.2229879313284706
1.4156910468424877,1.3261054076351895,2.226599589945736
1.4173747662305376,1.3260896942646807,2.230161900761155
1.4190423644954584,1.3260814948250121,2.2336754779998436
1.4206940682144849,1.3260807373307788,2.2371410023877125
1.4223301219034015,1.326087341718009,2.240559206087062
1.4239507837035998,1.3261012215641408,2.243930860092837
1.4255563217756695,1.3261222855387,2.2472567637058676
1.4271470112896631,1.3261504386252332,2.2505377357588534
1.4287231319191906,1.32618558314895,2.253774607321252
1.4302849657608896,1.3262276196393434,2.2569682156518236
1.4318327956129933,1.3262764475526403,2.260119399203585
1.4333669035569863,1.3263319658751909,2.263228993516297
1.4348875697950183,1.3263940736257287,2.2662978278572363
1.4363950717030596,1.3264626702717344,2.2693267224926004
1.437889683065961,1.3265376560728561,2.272316486490126
1.4393716734657915,1.326618932362397,2.2752679159688576
1.4408413077992224,1.3267064017762402,2.278181792724977
1.4422988459034487,1.3267999684371867,2.2810588831735417
1.443744542273274,1.3268995381014956,2.2838999375552307
1.4451786458546378,1.3270050182734148,2.286705689364989
1.4466013999021141,1.3271163182926318,2.2894768549660847
1.4480130418898065,1.3272333493988526,2.2922141333586605
1.4494138034666781,1.3273560247770926,2.2949182060766025
1.4508039104487178,1.3274842595867413,2.2975897371905476
1.4521835828415026,1.3276179709770128,2.3002293733982495
1.4535530348876986,1.3277570780910095,2.3028377441864087
1.454912475134877,1.3279015020603029,2.3054154620505045
1.456262106519732,1.3280511659916536,2.307963122761259
1.4576021264653884,1.3282059949472569,2.3104813056681133
1.458932726989001,1.328365915919692,2.312970574031607
1.4602540948172849,1.3285308578025856,2.315431475377817
1.461566411507986,1.3287007513578433,2.3178645418691057
1.4628698535756177,1.3288755291801815,2.320270290686347
1.4641645926200593,1.3290551256595766,2.32264922441858
1.465450795456843,1.3292394769421607,2.3250018314567225
1.466728624248148,1.3294285208900058,2.3273285863885267
1.467998236633691,1.3296221970401747,2.3296299503924582
1.469259785860839,1.3298204465633559,2.3319063716285826
1.4705134209133979,1.330023212222348,2.3341582856248997
1.4717592866386258,1.3302304383306167,2.3363861156578554
1.472997523872111,1.330442070711108,2.3385902731260213
1.4742282695602282,1.3306580566554749,2.340771157916138
1.4754516568799492,1.33087834488384,2.342929158760907
1.4766678153558344,1.3311028855051974,2.3450646535880604
1.477876870974083,1.3313316299785372,2.347178009860375
1.4790789462935499,1.3315645310747564,2.3492695849063994
1.4802741605536736,1.3318015428394088,2.3513397262417537
1.481462629779286,1.3320426205563303,2.353388771880945
1.4826444668822947,1.3322877207121682,2.3554170506396974
1.4838197817602488,1.332536800961832,2.3574248824278436
1.4849886813918143,1.3327898200948791,2.3594125785328846
1.4861512699291966,1.3330467380028377,2.361380441894339
1.4873076487875585,1.3333075156474665,2.3633287673690484
1.4884579167314904,1.3335721150299482,2.365257841987615
1.4896021699585944,1.3338404991610047,2.3671679452021723
1.4907405021802513,1.3341126320319239,2.3690593491257053
1.4918730046996407,1.3343884785864848,2.3709323187631353
1.492999766487089,1.3346680046937605,2.372787112234406
1.4941208742528218,1.334951177121786,2.3746239809898015
1.495236412517196,1.3352379635120664,2.3764431700177315
1.4963464636784902,1.3355283323549105,2.3782449180452234
1.497451108078332,1.3358222529655632,2.3800294577313554
1.4985504240648355,1.33611969546112,2.3817970158538664
1.4996444880535305,1.3364206307381994,2.3835478134891726
1.5007333745861529,1.3367250304513507,2.3852820661860163
1.501817156387374,1.3370328669921787,2.3869999841329763
1.5028959044195396,1.3373441134691595,2.388701772320048
1.5039696879354882,1.3376587436881275,2.3903876306945158
1.5050385745295192,1.337976732133414,2.3920577543113164
1.5061026301865759,1.3382980539496128,2.3937123334781005
1.5071619193297106,1.3386226849239562,2.3953515538951846
1.5082165048658918,1.3389506014692782,2.3969755967905813
1.5092664482302172,1.3392817806075472,2.398584639050294
1.5103118094285897,1.3396161999539473,2.4001788533440513
1.5113526470789154,1.3399538377014921,2.4017584082466503
1.5123890184508755,1.3402946726061495,2.403323468355078
1.5134209795043294,1.340638683972463,2.4048741944015646
1.514448584926397,1.3409858516396511,2.4064107433627253
1.51547188816727,1.341336155968167,2.407933268564938
1.5164909414748027,1.3416895778267053,2.4094419197860977
1.5175057959279232,1.3420460985796383,2.4109368433538827
1.5185165014689144,1.3424057000748668,2.4124181822406694
1.5195231069346025,1.3427683646320723,2.4138860761552166
1.5205256600864971,1.3431340750313545,2.4153406616312436
1.5215242076399214,1.3435028145022445,2.4167820721130173
1.522518795292167,1.343874566713075,2.418210438038063
1.5235094677497163,1.3442493157606998,2.419625886917103
1.5244962687545593,1.3446270461605496,2.4210285434113286
1.5254792411096447,1.345007742837009,2.4224185294071074
1.5264584267034937,1.3453913911141087,2.4237959640882143
1.5274338665340086,1.3457779767065174,2.4251609640056846
1.5284056007315059,1.3461674857108274,2.4265136431453747
1.529373668581002,1.3465599045971188,2.4278541129933133
1.5303381085437788,1.3469552202007977,2.429182482598927
1.531298958278256,1.347353419714695,2.4304988586362146
1.532256254660193,1.34775449068142,2.431803345462949
1.5332100338022503,1.3481584209859585,2.433096045177974
1.534160331072925,1.3485651988485066,2.4343770576766706
1.5351071811148909,1.348974812817534,2.4356464807046483
1.5360506178627589,1.3493872517630683,2.4369044099097397
1.5369906745602826,1.3498025048701916,2.4381509388923464
1.5379273837770244,1.350220561632745,2.4393861592542003
1.538860777424505,1.350641411847232,2.4406101606455968
1.5397908867718524,1.3510650456069153,2.4418230308111513
1.540717742460968,1.3514914532960993,2.443024855634134
1.5416413745212274,1.3519206255845948,2.444215719179429
1.5425618123837321,1.352352553422357,2.4453957037351683
1.543479084895126,1.3527872280342939,2.446564889853085
1.5443932203309938,1.353224640915237,2.4477233563876313
1.545304246408853,1.353664783825073,2.4488711805339025
1.5462121903007584,1.3541076487840258,2.4500084378644065
1.5471170786455237,1.3545532280680892,2.4511352023647213
1.5480189375605828,1.3550015142046041,2.452251546468075
1.5489177926534952,1.3554524999679733,2.4533575410888857
1.5498136690331112,1.3559061783755133,2.454453255655295
1.5507065913204083,1.3563625426834367,2.455538758140732
1.551596583659007,1.3568215863829616,2.4566141150945335
1.5524836697253794,1.3572833031965446,2.457679391671657
1.5533678727387588,1.3577476870742329,2.458734651661515
1.554249215470761,1.3582147321901334,2.459779957515957
1.5551277202547265,1.358684432938994,2.4608153703764275
1.556003408994791,1.3591567839328935,2.4618409501003296
1.5568763031746957,1.3596317799980397,2.4628567552866127
1.5577464238663434,1.3601094161716685,2.463862843300617
1.5586137917381089,1.3605896876990444,2.4648592702981933
1.5594784270629118,1.3610725900305587,2.4658460912491194
1.5603403497260595,1.3615581188189214,2.4668233599598413
1.561199579232866,1.3620462699164462,2.4677911290955534
1.5620561347160546,1.3625370393724239,2.468749450201642
1.5629100349429526,1.3630304234305841,2.469698373724511
1.5637612983224787,1.3635264185266416,2.4706379490318056
1.5646099429119376,1.3640250212859237,2.471568224432057
1.5654559864236202,1.3645262285210806,2.472489247193762
1.5662994462312196,1.3650300372298716,2.4734010635639145
1.5671403393760666,1.365536444593029,2.474303718786007
1.56797868257319,1.366045447972196,2.475197257117515
1.568814492217208,1.3665570449079376,2.476081721846882
1.5696477843880543,1.367071233117821,2.4769571553100183
1.5704785748565437,1.3675880104945661,2.4778235989063258
1.5713068790897833,1.3681073751042634,2.4786810931142655
1.5721327122564315,1.3686293251846564,2.479529677506479
1.5729560892318109,1.3691538591434897,2.480369390764475
1.573777024602878,1.3696809755569195,2.4812002706928977
1.574595532673054,1.3702106731679844,2.48202235423338
1.5754116274669219,1.3707429508851376,2.482835677478004
1.5762253227347893,1.371277807780837,2.483640275682368
1.5770366319571276,1.3718152430901926,2.48443618327828
1.5778455683488826,1.3723552562096706,2.485223433886084
1.578652144863667,1.372897846695852,2.4860020603266224
1.5794563741978336,1.3734430142642455,2.486772094632858
1.5802582687944344,1.3739907587881535,2.487533568061151
1.5810578408470668,1.374541080297589,2.4882865111022063
1.5818551023036118,1.3750939789782444,2.489030953491699
1.5826500648698651,1.3756494551705092,2.489766924220585
1.5834427400130655,1.3762075093685378,2.4904944515451035
1.5842331389653208,1.376768142219364,2.491213562996483
1.5850212727269366,1.377331354522065,2.4919242853903523
1.5858071520696475,1.3778971472269685,2.492626644835868
1.5865907875397554,1.3784655214349097,2.4933206667445624
1.5873721894611752,1.3790364783965299,2.4940063758389206
1.5881513679383914,1.379610019511621,2.4946837961606914
1.5889283328593269,1.3801861463285134,2.495352951078937
1.5897030938981258,1.3807648605435074,2.4960138632978306
1.5904756605178538,1.3813461640003457,2.4966665548642046
1.5912460419731147,1.3819300586897296,2.497311047174856
1.5920142473125884,1.3825165467488751,2.497947360983612
1.59278028538149,1.3831056304611105,2.4985755164081658
1.593544164823952,1.383697312255514,2.4991955329366813
1.59430589408533,1.3842915947065924,2.4998074294341754
1.595065481414439,1.3848884805339965,2.5004112241486807
1.595822934865711,1.3854879726022793,2.501006934717193
1.596578262301287,1.3860900739206898,2.501594578171407
1.5973314713930378,1.3866947876430067,2.5021741709432486
1.5980825696245156,1.3873021170674094,2.502745728870197
1.5988315642928397,1.3879120656363875,2.503309267200415
1.599578462510516,1.388524636936687,2.5038648005976767
1.6003232712071922,1.3891398346992945,2.504412343146105
1.6010659971313486,1.3897576627994566,2.50495190835472
1.6018066468519272,1.3903781252567384,2.5054835091617975
1.6025452267598992,1.3910012262351172,2.5060071579390475
1.6032817430697708,1.391626970043112,2.5065228664956085
1.6040162018210304,1.392255361133951,2.5070306460818643
1.6047486088795375,1.3928864041057734,2.5075305073930854
1.6054789699388512,1.3935201037018683,2.508022460572895
1.606207290521504,1.3941564648109495,2.508506515216566
1.606933575980218,1.3947954924674653,2.508982680374147
1.6076578314990653,1.395437191851945,2.509450964553421
1.6083800620945734,1.3960815682913814,2.5099113757227
1.6091002726167758,1.3967286272596475,2.5103639213134556
1.6098184677502092,1.397378374377951,2.5108086082227876
1.6105346520148571,1.3980308154153231,2.511245442815732
1.6112488297670406,1.3986859562891445,2.511674430927411
1.6119610052002564,1.3993438030657062,2.5120955778650265
1.6126711823459636,1.400004361960807,2.512508888409695
1.613379365074318,1.4006676393403876,2.5129143668181304
1.6140855570948567,1.4013336417212003,2.51331201682417
1.6147897619571303,1.4020023757715152,2.5137018416401524
1.6154919830512857,1.402673848311864,2.5140838439581374
1.6161922236085984,1.403348066315819,2.5144580259509803
1.6168904867019545,1.4040250369108123,2.5148243892732522
1.617586775246283,1.4047047673789876,2.5151829350620116
1.618281091998939,1.4053872651580945,2.5155336639374277
1.6189734395600373,1.4060725378424173,2.5158765760032535
1.619663820372736,1.4067605931837437,2.5162116708471496
1.6203522367234717,1.4074514390923714,2.516538947540862
1.6210386907421446,1.4081450836381533,2.51685840464025
1.6217231844022553,1.4088415350515826,2.5171700401851655
1.622405719520992,1.409540801724917,2.517473851699186
1.6230862977592684,1.4102428922133425,2.517769836189198
1.623764920621712,1.4109478152361792,2.51805799014483
1.6244415894566033,1.411655579678126,2.5183383095377403
1.6251163054557658,1.4123661945905481,2.518610789820753
1.6257890696544048,1.4130796691928058,2.5188754259268444
1.6264598829308978,1.4137960128736253,2.5191322122679787
1.6271287460065338,1.4145152351925134,2.5193811427337933
1.6277956594452017,1.4152373458812149,2.5196222106901325
1.628460623653029,1.4159623548452145,2.5198554089774254
1.6291236388779686,1.4166902721652832,2.5200807299089147
1.6297847052093337,1.41742110809907,2.5202981652687253
1.6304438225772815,1.4181548730827396,2.5205077063097807
1.6311009907522436,1.4188915777326576,2.5207093437515598
1.631756209344304,1.4196312328471221,2.5209030677776965
1.6324094778025244,1.420373849408144,2.521088868033416
1.633060795414213,1.4211194385832757,2.5212667336228134
1.633710161304141,1.4218680117274913,2.521436653105964
1.6343575744337036,1.4226195803851156,2.5215986144958724
1.6350030336000234,1.4233741562918052,2.52175260525525
1.6356465374349987,1.4241317513765825,2.5218986122931275
1.6362880844042937,1.4248923777639229,2.5220366219612913
1.6369276728062705,1.4256560477758955,2.5221666200505486
1.6375653007708617,1.4264227739343607,2.5222885917868165
1.6382009662583839,1.4271925689632223,2.5224025218270305
1.6388346670582885,1.4279654457907391,2.522508394254873
1.639466400787853,1.4287414175518935,2.522606192576316
1.6400961648908068,1.4295204975908204,2.5226958997149778
1.6407239566358944,1.4303026994632975,2.5227774980072906
1.641349773115373,1.4310880369392964,2.5228509691974708
1.6419736112434435,1.431876524005599,2.522916294432297
1.6425954677546148,1.4326681748684773,2.5229734542556854
1.6432153392019972,1.4334630039564389,2.5230224286030607
1.6438332219555278,1.4342610259230417,2.5230631967955217
1.6444491122001224,1.4350622556497767,2.523095737533794
1.645063005933755,1.4358667082490204,2.523120028891967
1.6456748989654628,1.4366743990670605,2.523136048311011
1.646284786913274,1.4374853436871946,2.5231437725920696
1.6468926652020586,1.4382995579329043,2.523143177889525
1.6474985290612985,1.4391170578711059,2.5231342397038277
1.6481023735227769,1.4399378598154808,2.523116932874087
1.6487041934181843,1.4407619803298854,2.523091231570419
1.649303983376638,1.4415894362318435,2.523057109286045
1.6499017378221161,1.442420244596124,2.523014538829136
1.6504974509707997,1.4432544227584043,2.5229634923143913
1.6510911168283258,1.444091988319022,2.522903941154358
1.6516827291869443,1.4449329591468172,2.522835856050471
1.6522722816225797,1.4457773533830687,2.522759206983818
1.6528597674917942,1.446625189445524,2.5226739632056137
1.6534451799286483,1.4474764860325267,2.5225800932273854
1.6540285118414584,1.448331262127245,2.522477564810855
1.6546097559094477,1.449189537002002,2.522366344957512
1.6551889045792867,1.4500513302227103,2.5222463998978752
1.6557659500615214,1.450916661653415,2.5221176950804236
1.6563408843268863,1.451785551460948,2.5219801951602006
1.656913699102498,1.4526580201196932,2.5218338639870743
1.6574843858679267,1.4535340884164718,2.521678664593648
1.658052935851142,1.4544137774555426,2.52151455918281
1.6586193400243292,1.455297108663728,2.521341509114915
1.659183589099573,1.4561841037956658,2.5211594748945862
1.6597456735244043,1.4570747849391876,2.520968416157126
1.6603055834772051,1.4579691745208336,2.5207682916545258
1.66086330886247,1.4588672953115003,2.5205590592410654
1.6614188393059166,1.4597691704322306,2.520340675858486
1.661972164149443,1.4606748233601479,2.5201130975207287
1.6625232724459258,1.4615842779345363,2.519876279298222
1.6630721529538555,1.462497558363075,2.5196301753017103
1.6636187941318028,1.4634146892282287,2.519374738665605
1.664163184132711,1.4643356954937978,2.519109921530846
1.664705310798009,1.4652606025116355,2.518835675027259
1.6652451616515396,1.4661894360285344,2.518551949255394
1.6657827238932972,1.4671222221932885,2.5182586932678275
1.6663179843929674,1.4680589875639363,2.5179558550499155
1.6668509296832645,1.4689997591151875,2.5176433814999735
1.6673815459530579,1.4699445642460431,2.517321218408874
1.6679098190402821,1.470893430787611,2.516989310439038
1.668435734424623,1.4718463870111236,2.5166476011028034
1.6689592772199717,1.4728034616361663,2.516296032740147
