x,y,z
2.1833629978597595,4.450631101554273,2.0511768492280003
2.184124664987543,4.451271921674216,2.0515217594083732
2.184886608748801,4.451912256059295,2.051867158681247
2.1856488290447627,4.452552104552119,2.0522130471910427
2.1864113257773754,4.453191466993412,2.0525594250839263
2.187174098849299,4.4538303432220125,2.052906292507811
2.1879371481639045,4.454468733074865,2.053253649612359
2.18870047362527,4.4551066363870255,2.0536014965489833
2.189464075138179,4.455744052991653,2.053949833470851
2.190227952608117,4.4563809827200105,2.0542986605328823
2.190992105941269,4.457017425401463,2.0546479778917557
2.191756535044517,4.457653380863474,2.0549977857059076
2.1925212398254352,4.458288848931601,2.055348084135536
2.19328622019229,4.458923829429499,2.0556988733426014
2.194051476054034,4.4595583221789115,2.0560501534908298
2.1948170073203066,4.460192326999672,2.0564019247457135
2.1955828139014284,4.460825843709701,2.056754187274515
2.1963488957083994,4.461458872125003,2.0571069412462677
2.1971152526528956,4.462091412059664,2.0574601868317783
2.197881884647267,4.462723463325848,2.0578139242036295
2.198648791604534,4.463355025733798,2.058168153536182
2.1994159734383834,4.463986099091828,2.058522875005577
2.2001834300631686,4.464616683206326,2.0588780887897364
2.2009511613939035,4.465246777881746,2.059233795068369
2.201719167346261,4.4658763829206105,2.0595899940229683
2.2024874478365706,4.466505498123503,2.059946685836819
2.2032560027818135,4.46713412328907,2.060303870694996
2.2040248320996216,4.467762258214014,2.0606615487843687
2.2047939357082735,4.468389902693094,2.061019720293603
2.205563313526692,4.46901705651912,2.0613783854131627
2.2063329654744406,4.469643719482953,2.061737544335313
2.207102891471721,4.4702698913734995,2.0620971972541238
2.2078730914393696,4.470895571977711,2.062457344365469
2.208643565298855,4.471520761080579,2.0628179858670315
2.209414312972275,4.472145458465134,2.063179121958306
2.2101853343823525,4.47276966391244,2.0635407528406002
2.2109566294524337,4.473393377201597,2.063902878717038
2.211728198106484,4.4740165981097295,2.064265499792561
2.212500040269086,4.474639326411992,2.0646286162739327
2.213272155865436,4.475261561881561,2.0649922283697406
2.2140445448213404,4.475883304289634,2.0653563362903977
2.2148172070632124,4.476504553405424,2.0657209402481467
2.2155901425180704,4.47712530899616,2.066086040457061
2.216363351113533,4.477745570827081,2.0664516371330497
2.2171368327778183,4.478365338661435,2.066817730493858
2.2179105874397367,4.478984612260474,2.0671843207590714
2.2186846150286916,4.479603391383451,2.067551408150117
2.2194589154746747,4.48022167578762,2.0679189928902684
2.220233488708262,4.480839465228228,2.0682870752046463
2.221008334660613,4.481456759458514,2.068655655320222
2.221783453263464,4.482073558229708,2.0690247334658225
2.2225588444491278,4.482689861291024,2.0693943098721284
2.223334508150489,4.483305668389658,2.069764384771682
2.2241104443010014,4.483920979270787,2.0701349583988864
2.224886652834683,4.48453579367756,2.070506030990011
2.2256631336861155,4.4851501113511025,2.070877602783192
2.2264398867904385,4.4857639320305065,2.071249674018438
2.227216912083348,4.4863772554528305,2.0716222449376303
2.2279942095010905,4.4869900813530945,2.0719953157845277
2.2287717789804624,4.487602409464278,2.072368886804769
2.2295496204588052,4.488214239517316,2.0727429582458767
2.230327733874002,4.488825571241096,2.0731175303572575
2.2311061191644743,4.489436404362451,2.0734926033902084
2.2318847762691782,4.4900467386061615,2.073868177597918
2.2326637051276017,4.49065657369495,2.074244253235471
2.2334429056797602,4.491265909349474,2.0746208305598492
2.2342223778661934,4.491874745288329,2.0749979098299365
2.235002121627962,4.4924830812280385,2.075375491306521
2.235782136906644,4.493090916883055,2.075753575252299
2.236562423644331,4.493698251965754,2.076132161931877
2.2373429817836232,4.494305086186431,2.0765112516117767
2.2381238112676285,4.494911419253298,2.076890844560436
2.238904912039957,4.49551725087248,2.077270941048214
2.239686284044718,4.49612258074801,2.0776515413473935
2.240467927226515,4.496727408581829,2.078032645732184
2.2412498415304434,4.497331734073777,2.0784142544787256
2.2420320269020864,4.497935556921594,2.0787963678650923
2.242814483287511,4.4985388768209145,2.0791789861712946
2.243597210633264,4.499141693465262,2.0795621096792836
2.244380208886368,4.499744006546049,2.079945738672954
2.245163477994318,4.500345815752569,2.080329873438147
2.245947017905078,4.500947120771997,2.0807145142626546
2.2467308285670753,4.501547921289382,2.081099661436223
2.247514909929198,4.502148216987646,2.0814853152505552
2.2482992619407907,4.502748007547578,2.081871475999314
2.2490838845516503,4.503347292647833,2.082258143978128
2.2498687777120217,4.503946071964925,2.0826453194845915
2.2506539413725943,4.504544345173224,2.083033002818271
2.2514393754844977,4.505142111944956,2.083421194280706
2.2522250799992967,4.505739371950192,2.0838098941754164
2.253011054868989,4.50633612485685,2.084199102807901
2.253797300045998,4.50693237033069,2.0845888204856458
2.2545838154831714,4.507528108035307,2.084979047518123
2.255370601133776,4.5081233376321315,2.0853697842167986
2.256157656951493,4.508718058780422,2.085761030895134
2.256944982890414,4.509312271137265,2.0861527878685897
2.257732578905035,4.509905974357566,2.086545055454628
2.2585204449502547,4.510499168094049,2.086937833972719
2.2593085809813687,4.511091851997254,2.0873311237443426
2.260096986954064,4.511684025715528,2.0877249250929917
2.2608856628244167,4.512275688895027,2.0881192383441767
2.261674608548885,4.512866841179706,2.0885140638254294
2.2624638240843056,4.513457482211321,2.0889094018663052
2.26325330938789,4.5140476116294215,2.0893052527983893
2.2640430644172183,4.514637229071346,2.0897016169552973
2.2648330891302346,4.515226334172222,2.0900984946726813
2.2656233834852433,4.515814926564956,2.0904958862882324
2.266413947440903,4.516403005880236,2.0908937921416846
2.267204780956223,4.516990571746524,2.091292212574819
2.2679958839905554,4.517577623790052,2.0916911479314666
2.2687872565035945,4.518164161634818,2.0920905985575136
2.2695788984553684,4.518750184902585,2.092490564800903
2.2703708098062347,4.519335693212873,2.09289104701164
2.271162990516876,4.5199206861829575,2.093292045541795
2.2719554405482945,4.520505163427866,2.0936935607455083
2.272748159861806,4.521089124560372,2.0940955929789915
2.2735411484190355,4.521672569190991,2.0944981426005347
2.2743344061819117,4.522255496927981,2.0949012099705073
2.2751279331126613,4.522837907377332,2.0953047954513635
2.2759217291738034,4.5234198001427695,2.095708899407645
2.276715794328145,4.5240011748257425,2.0961135222059855
2.2775101285387738,4.524582031025425,2.0965186642151146
2.2783047317690546,4.525162368338714,2.096924325805861
2.279099603982622,4.525742186360218,2.0973305073511566
2.279894745143375,4.526321484682261,2.0977372092260405
2.280690155215472,4.526900262894873,2.0981444318076616
2.2814858341633237,4.527478520585792,2.0985521754752847
2.282281781951588,4.528056257340453,2.0989604406102917
2.283077998545165,4.5286334727419915,2.099369227596187
2.2838744839091873,4.529210166371233,2.099778536818601
2.284671238009019,4.529786337806697,2.1001883686652936
2.2854682608102457,4.530361986624584,2.1005987235261583
2.2862655522786692,4.530937112398781,2.101009601793226
2.2870631123803022,4.531511714700851,2.1014210038606675
2.2878609410813606,4.532085793100032,2.1018329301247998
2.2886590383482583,4.532659347163236,2.1022453809840873
2.2894574041475995,4.533232376455039,2.102658356839147
2.2902560384461723,4.533804880537684,2.1030718580927523
2.291054941210943,4.534376858971073,2.1034858851498357
2.291854112409048,4.534948311312766,2.1039004384174937
2.2926535520077884,4.535519237117977,2.1043155183049893
2.293453259974622,4.536089635939569,2.1047311252237573
2.294253236277156,4.5366595073280545,2.105147259587406
2.2950534808831415,4.537228850831586,2.1055639218117226
2.295853993760465,4.537797665995959,2.105981112314676
2.2966547748771418,4.538365952364605,2.1063988315164206
2.297455824201308,4.538933709478588,2.1068170798393004
2.2982571417012134,4.539500936876605,2.1072358577078516
2.299058727345215,4.540067634094978,2.1076551655488074
2.2998605811017683,4.5406338006676545,2.1080750037911002
2.300662702939419,4.5411994361262025,2.108495372865867
2.3014650928267972,4.541764539999809,2.108916273206451
2.3022677507326077,4.542329111815275,2.1093377052484064
2.3030706766256235,4.542893151097014,2.1097596694295015
2.303873870474676,4.543456657367051,2.1101821661897224
2.304677332248649,4.544019630145016,2.1106051959712757
2.305481061916468,4.5445820689481415,2.1110287592185926
2.3062850594470934,4.545143973291265,2.111452856378332
2.3070893248095126,4.545705342686818,2.111877487899385
2.3078938579727297,4.546266176644833,2.112302654232876
2.3086986589057577,4.546826474672933,2.1127283558321674
2.30950372757761,4.547386236276333,2.1131545931528635
2.3103090639572907,4.547945460957837,2.113581366652812
2.311114668013786,4.548504148217836,2.1140086767921087
2.311920539716055,4.549062297554305,2.1144365240331
2.312726679033021,4.549619908462803,2.1148649088403855
2.3135330859335608,4.550176980436467,2.1152938316808223
2.3143397603864964,4.550733512966014,2.1157232930235272
2.3151467023605847,4.551289505539738,2.1161532933398797
2.315953911824508,4.551844957643508,2.116583833103525
2.316761388746863,4.552399868760766,2.1170149127903777
2.317569133096154,4.552954238372525,2.1174465328786227
2.3183771448407784,4.55350806595737,2.11787869384872
2.3191854239490195,4.554061350991455,2.1183113961834064
2.319993970389035,4.554614092948501,2.118744640367699
2.320802784128846,4.555166291299796,2.119178426888896
2.321611865136327,4.555717945514193,2.119612756236582
2.3224212133791946,4.556269055058111,2.1200476289026273
2.3232308288249968,4.556819619395535,2.1204830453811936
2.3240407114411012,4.5573696379880095,2.1209190061687337
2.3248508611946845,4.557919110294645,2.121355511763995
2.3256612780527206,4.558468035772113,2.121792562668022
2.326471961981968,4.559016413874649,2.1222301593841575
2.3272829129489594,4.559564244054051,2.1226683024180453
2.3280941309199887,4.560111525759678,2.123106992277632
2.3289056158611,4.560658258438453,2.123546229473169
2.329717367738074,4.561204441534862,2.1239860145172145
2.330529386516415,4.561750074490955,2.1244263479246346
2.3313416721613414,4.5622951567463454,2.1248672302126055
2.332154224637768,4.562839687738213,2.1253086619006147
2.3329670439102967,4.563383666901305,2.1257506435104627
2.333780129943202,4.563927093667933,2.1261931755662644
2.3345934827004164,4.56446996746798,2.12663625859445
2.3354071021455187,4.5650122877289006,2.1270798931237658
2.336220988241719,4.56555405387572,2.127524079685277
2.337035140951844,4.56609526533104,2.1279688188123655
2.337849560238325,4.566635921515037,2.128414111040734
2.3386642460631797,4.56717602184547,2.1288599569084052
2.339479198388001,4.567715565737678,2.1293063569557207
2.34029441717394,4.568254552604584,2.129753311725344
2.3411099023816915,4.568792981856703,2.13020082176226
2.3419256539714786,4.569330852902138,2.130648887613774
2.3427416719030365,4.569868165146589,2.1310975098295133
2.3435579561355975,4.570404917993357,2.1315466889614254
2.344374506627873,4.570941110843343,2.1319964255637793
2.3451913233380397,4.571476743095059,2.132446720193164
2.34600840622372,4.572011814144629,2.132897573408488
2.3468257552419676,4.572546323385795,2.133348985770979
2.347643370349249,4.573080270209921,2.133800957844181
2.3484612515014263,4.573613654006003,2.134253490193956
2.3492793986537386,4.57414647416067,2.1347065833884806
2.350097811760785,4.574678730058192,2.135160237998246
2.3509164907765068,4.57521042108049,2.135614454596054
2.351735435654166,4.575741546607137,2.1360692337570173
2.3525546463463303,4.576272106015371,2.1365245760585556
2.35337412280485,4.5768020986800995,2.136980482080395
2.3541938649808407,4.57733152397391,2.1374369524045638
2.3550138728246632,4.577860381267075,2.13789398761539
2.3558341462859027,4.578388669927566,2.1383515882994986
2.3566546853133477,4.578916389321059,2.1388097550458087
2.3574754898549704,4.5794435388109465,2.1392684884455293
2.358296559857904,4.579970117758346,2.139727789092155
2.359117895268423,4.580496125522113,2.1401876575814627
2.3599394960319175,4.581021561458851,2.1406480945115067
2.360761362092876,4.581546424922924,2.141109100482615
2.361583493394857,4.582070715266467,2.1415706760973827
2.3624058898804705,4.582594431839403,2.142032821960668
2.363228551491352,4.583117573989449,2.142495538679586
2.3640514781681383,4.583640141062141,2.142958826863503
2.3648746698504444,4.584162132400836,2.1434226871240303
2.365698126476838,4.584683547346739,2.1438871200750174
2.3665218479848136,4.5852043852389075,2.144352126332545
2.367345834310768,4.585724645414279,2.144817706514918
2.3681700853899725,4.58624432720768,2.145283861242657
2.3689946011565484,4.586763429951847,2.1457505911384906
2.3698193815434383,4.587281952977444,2.1462178968273484
2.3706444264823783,4.587799895613082,2.1466857789363494
2.3714697359038706,4.5883172571853414,2.1471542380947937
2.3722953097371553,4.58883403701879,2.147623274934153
2.3731211479101804,4.589350234436004,2.1480928900880607
2.3739472503495715,4.589865848757594,2.1485630841923
2.374773616980604,4.590380879302222,2.149033857884793
2.3756002477271703,4.590895325386634,2.1495052118055904
2.3764271425117482,4.591409186325678,2.149977146596856
2.377254301255371,4.591922461432334,2.150449662902857
2.3780817238775933,4.592435150017741,2.1509227613699498
2.3789094102964587,4.592947251391222,2.1513964426465644
2.379737360428466,4.593458764860316,2.151870707383192
2.3805655741885356,4.593969689730806,2.152345556232369
2.3813940514899725,4.594480025306755,2.152820989848661
2.3822227922444332,4.594989770890533,2.153297008888646
2.383051796361889,4.595498925782853,2.1537736140108983
2.383881063750587,4.596007489282808,2.15425080587597
2.384710594317016,4.596515460687904,2.154728585146373
2.3855403879658663,4.5970228392941,2.1552069524865596
2.3863704445999905,4.597529624395846,2.155685908562901
2.387200764120365,4.598035815286124,2.156165454043669
2.3880313464260503,4.59854141125649,2.156645589599013
2.3888621914141477,4.599046411597118,2.1571263159009377
2.38969329897976,4.599550815596843,2.15760763362328
2.390524669015948,4.600054622543213,2.158089543441685
2.391356301413688,4.60055783172253,2.1585720460335796
2.392188196061827,4.601060442419908,2.159055142078149
2.3930203528470404,4.60156245391932,2.1595388322563087
2.393852771653784,4.602063865503656,2.160023117250675
2.394685452364249,4.602564676454773,2.1605079977455386
2.3955183948583176,4.603064886053562,2.1609934744268333
2.3963515990135122,4.60356449358,2.1614795479821054
2.39718506470495,4.60406349831322,2.161966219100482
2.3980187918052938,4.604561899531569,2.162453488472637
2.3988527801847015,4.6050596965126775,2.1629413567907587
2.399687029710779,4.605556888533533,2.163429824748512
2.4005215402485276,4.6060534748705475,2.1639188930410036
2.4013563116602943,4.606549454799633,2.164408562364745
2.40219134380572,4.60704482759628,2.1648988334176114
2.4030266365416897,4.607539592535637,2.1653897068988046
2.403862189722278,4.608033748892595,2.16588118350881
2.4046980031987,4.6085272959418715,2.1663732639493554
2.4055340768192575,4.609020232958101,2.1668659489233666
2.4063704104292873,4.6095125592159265,2.1673592391349237
2.407207003871111,4.610004273990095,2.167853135289216
2.408043856983982,4.610495376555555,2.1683476380924938
2.408880969604037,4.610985866187563,2.1688427482520227
2.409718341564244,4.611475742161781,2.1693384664760345
2.410555972694355,4.611965003754393,2.169834793473677
2.4113938628208604,4.6124536502422115,2.1703317299549654
2.4122320117669425,4.612941680902798,2.170829276630732
2.4130704193524317,4.613429095014578,2.171327434212574
2.413909085393769,4.6139158918569665,2.1718262034128046
2.4147480097039673,4.614402070710492,2.1723255849443994
2.4155871920925804,4.614887630856927,2.1728255795209495
2.4164266323656745,4.615372571579422,2.1733261878566097
2.417266330325806,4.615856892162636,2.173827410666051
2.418106285772006,4.616340591892881,2.174329248664415
2.418946498499774,4.616823670058255,2.174831702567269
2.419786968301078,4.617306125948793,2.175334773090566
2.420627694964369,4.6177879588566,2.175838460950609
2.4214686782746027,4.6182691680760035,2.1763427668640176
2.4223099180132834,4.618749752903693,2.1768476915477053
2.4231514139585175,4.619229712638862,2.1773532357188605
2.423993165885091,4.619709046583348,2.1778594000949405
2.4248351735645675,4.6201877540417655,2.1783661853936747
2.4256774367654166,4.620665834321636,2.178873592333083
2.4265199552531675,4.6211432867335045,2.1793816216315096
2.427362728790602,4.621620110591049,2.1798902740076787
2.428205757137988,4.62209630521117,2.1803995501807716
2.4290490400533584,4.622571869914063,2.1809094508705336
2.429892577292846,4.623046804023268,2.181419976797412
2.430736368611081,4.623521106865682,2.1819311286827356
2.4315804137616595,4.623994777771543,2.182442907248939
2.4324247124976934,4.624467816074363,2.1829553132198383
2.433269264572457,4.624940221110804,2.1834683473209715
2.434114069740135,4.625411992220496,2.1839820102800114
2.4349591277566955,4.625883128745766,2.18449630282726
2.4358044383808926,4.626353630031287,2.185011225696239
2.436650001375422,4.626823495423603,2.1855267796243893
2.4374958165082417,4.627292724270546,2.1860429653538933
2.4383418835540662,4.627761315920495,2.1865597836326316
2.43918820229606,4.628229269721476,2.1870772352152916
2.440034772527724,4.628696585020093,2.187595320864635
2.440881594054987,4.629163261160243,2.1881140413529363
2.4417286666984976,4.629629297481638,2.1886333974635965
2.4425759902960933,4.6300946933181075,2.189153389992924
2.443423564705425,4.630559447995687,2.189674019752075
2.4442713898066883,4.631023560830514,2.1901952875691277
2.4451194655053947,4.63148703112656,2.190717194291248
2.445967791735106,4.631949858173236,2.191239740786898
2.44681636846003,4.632412041242955,2.191762927948019
2.447665195677369,4.632873579588714,2.192286756692104
2.448514273419308,4.633334472441797,2.192811227964078
2.4493636017545373,4.6337947190097,2.1933363427379
2.450213180789223,4.6342543184743565,2.193862102017803
2.4510630106673665,4.63471326999076,2.1943885068391205
2.451913091570531,4.6351715726860245,2.1949155582686557
2.4527634237169544,4.635629225658918,2.195443257404593
2.4536140073601054,4.636086227979865,2.195971605375966
2.4544648427867632,4.636542578691379,2.1965006033417396
2.4553159303147325,4.636998276808882,2.1970302524895593
2.4561672702903006,4.637453321321826,2.1975605540342524
2.457018863085551,4.637907711195052,2.1980915092161575
2.4578707090956313,4.638361445370306,2.198623119299352
2.458722808736057,4.638814522767828,2.199155385569853
2.459575162440122,4.63926694228799,2.1996883093338333
2.460427770656456,4.639718702812891,2.200221891915905
2.4612806338467657,4.640169803207902,2.2007561346574955
2.4621337524837683,4.640620242323131,2.2012910389153344
2.4629871270493324,4.641070018994775,2.2018266060600657
2.463840758032813,4.641519132046377,2.2023628374749853
2.464694645929583,4.641967580289961,2.2028997345549053
2.4655487912397356,4.642415362527059,2.20343729870514
2.466403194466959,4.642862477549632,2.2039755313406038
2.4672578561175538,4.64330892414089,2.204514433885018
2.468112776699585,4.64375470107602,2.205054007770212
2.4689679567221563,4.644199807122826,2.205594254435512
2.4698233966947836,4.644644241042294,2.2061351753272085
2.4706790971268666,4.6450880015890865,2.206676771898098
2.4715350585272384,4.645531087511974,2.2072190456070824
2.4723912814037847,4.64597349755421,2.2077619979188237
2.473247766263127,4.64641523045386,2.2083056303034527
2.4741045136103574,4.6468562849440795,2.2088499442363165
2.4749615239488194,4.647296659753361,2.2093949411977656
2.4758187977799295,4.647736353605741,2.209940622672974
2.4766763356030337,4.648175365220978,2.2104869901517894
2.477534137915291,4.648613693314705,2.2110340451286077
2.478392205211587,4.649051336598556,2.211581789102272
2.4792505379844654,4.6494882937802755,2.2121302235759916
2.4801091367240797,4.649924563563803,2.212679350057274
2.480968001918164,4.65036014464935,2.2132291700578794
2.4818271340520144,4.650795035733456,2.213779685093783
2.4826865336084833,4.651229235509031,2.2143308966851523
2.483546201067985,4.651662742665394,2.2148828063563313
2.4844061369085084,4.652095555888297,2.2154354156358393
2.4852663416056395,4.652527673859939,2.2159887260563726
2.486126815632589,4.6529590952589714,2.2165427391548165
2.4869875594602244,4.653389818760506,2.2170974564722608
2.487848573557108,4.653819843036106,2.217652879554025
2.488709858389539,4.6542491667537735,2.2182090099496836
2.4895714144215977,4.654677788577938,2.2187658492131
2.4904332421151922,4.655105707169434,2.219323398902461
2.49129534193011,4.6555329211854835,2.219881660580316
2.492157714324068,4.655959429279663,2.220440635813621
2.4930203597527654,4.6563852301018755,2.22100032617378
2.4938832786699385,4.656810322298322,2.221560733236697
2.494746471527415,4.657234704511464,2.2221218585828213
2.495609938775171,4.657658375379985,2.222683703797202
2.4964736808613845,4.658081333538756,2.223246270469538
2.4973376982324953,4.658503577618791,2.2238095601942356
2.4982019913332594,4.658925106247207,2.224373574570463
2.499066560606806,4.659345918047181,2.2249383152022073
2.499931406494695,4.659766011637904,2.225503783698333
2.5007965294369727,4.660185385634536,2.226069981672643
2.501661929872229,4.660604038648158,2.226636910743936
2.5025276082376524,4.661021969285723,2.227204572536069
2.5033935649690866,4.66143917615001,2.2277729686780217
2.5042598005010857,4.661855657839571,2.2283421008039546
2.505126315266969,4.662271412948683,2.228911970553275
2.505993109698876,4.662686440067293,2.229482579570702
2.5068601842278193,4.66310073778097,2.2300539295063286
2.5077275392837395,4.663514304670848,2.2306260220156875
2.5085951752955573,4.663927139313576,2.231198858759818
2.509463092691227,4.664339240281261,2.2317724414053313
2.510331291897788,4.664750606141414,2.2323467716244765
2.5111997733414158,4.665161235456896,2.2329218510952096
2.5120685374474743,4.665571126785859,2.2334976815012593
2.5129375846405653,4.665980278681691,2.2340742645321963
2.5138069153445786,4.666388689692958,2.234651601883501
2.514676529982742,4.666796358363346,2.235229695256634
2.5155464289776686,4.667203283231599,2.235808546359104
2.5164166127514074,4.667609462831465,2.23638815690454
2.5172870817254895,4.668014895691631,2.2369685286127585
2.5181578363209756,4.668419580335662,2.237549663209839
2.5190288769585036,4.66882351528194,2.238131562428192
2.519900204058334,4.669226699043602,2.2387142280066334
2.5207718180403957,4.6696291301284685,2.2392976616904563
2.521643719324332,4.670030807038988,2.2398818652315047
2.5225159083295448,4.670431728272162,2.240466840388248
2.5233883854752372,4.670831892319482,2.241052588925856
2.524261151180461,4.671231297666854,2.2416391126162734
2.525134205864156,4.671629942794534,2.2422264132382974
2.5260075499451946,4.672027826177048,2.2428144925776548
2.5268811838424234,4.672424946283117,2.2434033524270798
2.527755107974705,4.672821301575587,2.243992994586394
2.528629322760959,4.673216890511336,2.244583420862587
2.529503828620201,4.6736117115411995,2.2451746330698965
2.5303786259715855,4.67400576310988,2.245766633029894
2.531253715234442,4.674399043655856,2.246359422571567
2.532129096828315,4.674791551611287,2.2469530035314076
2.533004771173003,4.675183285401915,2.247547377753498
2.5338807386885933,4.675574243446956,2.248142547089604
2.5347569997955017,4.67596442415899,2.2487385133992635
2.5356335549145057,4.676353825943841,2.249335278549886
2.5365104044667808,4.676742447200451,2.2499328444168487
2.537387548873935,4.677130286320741,2.250531212883598
2.538264988558042,4.677517341689468,2.2511303858417544
2.539142723941673,4.6779036116840595,2.251730365191224
2.540020755447929,4.678289094674444,2.252331152840312
2.5408990835004706,4.67867378902286,2.252932750705841
2.5417777085235476,4.6790576930836485,2.253535160713281
2.5426566309420267,4.679440805203022,2.2541383847968817
2.543535851181418,4.679823123718813,2.254742424899812
2.5444153696679015,4.680204646960191,2.255347282974316
2.5452951868283487,4.680585373247352,2.2559529609818716
2.546175303090347,4.680965300891166,2.2565594608933672
2.5470557188822194,4.681344428192792,2.2571667846892893
2.547936434633044,4.681722753443236,2.257774934359927
2.548817450772671,4.682100274922873,2.2583839119055935
2.5496987677317375,4.6824769909008905,2.2589937193368685
2.550580385941684,4.68285289963469,2.259604358674861
2.5514623058347667,4.683227999369205,2.2602158319514967
2.5523445278440686,4.683602288336155,2.2608281412098314
2.5532270524035128,4.683975764753223,2.2614412885043884
2.554109879947873,4.68434842682315,2.262055275901525
2.554993010912788,4.6847202727327755,2.2626701054798244
2.5558764457347745,4.685091300651998,2.2632857793305106
2.556760184851247,4.685461508732704,2.26390229955788
2.55764422870054,4.685830895107666,2.2645196682797475
2.5585285777219373,4.6861994578894555,2.2651378876278896
2.5594132323557064,4.686567195169394,2.2657569597484786
2.5602981930431445,4.686934105016607,2.266376886802487
2.56118346022663,4.687300185477214,2.2669976709660506
2.5620690343496846,4.687665434573701,2.267619314430768
2.5629549158570426,4.6880298503045275,2.2682418194039293
2.563841105194726,4.688393430643971,2.2688651881086583
2.5647276028101214,4.688756173542244,2.2694894227839635
2.5656144091520607,4.689118076925863,2.270114525684702
2.566501524670897,4.689479138698229,2.270740499081461
2.567388949818575,4.689839356740416,2.27136734526037
2.568276685048696,4.690198728912076,2.2719950665228597
2.56916473081657,4.6905572530524475,2.2726236651853804
2.570053087579262,4.6909149269813915,2.2732531435791032
2.5709417557956247,4.691271748500428,2.2738835040496146
2.571830735926322,4.691627715393737,2.2745147489566158
2.5727200284338445,4.691982825429088,2.275146880673638
2.573609633782516,4.692337076358707,2.275779901587781
2.5744995524384926,4.692690465920042,2.2764138140994756
2.5753897848697567,4.693042991836447,2.277048620622275
2.5762803315461067,4.693394651817776,2.2776843235826747
2.577171192939142,4.693745443560894,2.2783209254199575
2.578062369522246,4.694095364750106,2.278958428586066
2.578953861770569,4.694444413057523,2.2795968355454987
2.5798456701610037,4.694792586143363,2.2802361487752276
2.5807377951721677,4.695139881656189,2.280876370764633
2.581630237284381,4.695486297233109,2.2815175040154583
2.5825229969796433,4.6958318304999285,2.2821595510417794
2.583416074741613,4.696176479071266,2.282802514369986
2.584309471055586,4.6965202405506385,2.2834463965387752
2.585203186408474,4.696863112530522,2.284091200099155
2.5860972212887856,4.697205092592385,2.2847369276144573
2.5869915761866054,4.697546178306704,2.2853835816603567
2.587886251593574,4.697886367232965,2.286031164824898
2.588781248002872,4.698225656919653,2.2866796797085276
2.5896765659092,4.6985640449042165,2.28732912892413
2.5905722058087606,4.698901528713041,2.2879795150970708
2.591468168199245,4.699238105861398,2.2886308408652383
2.592364453579814,4.699573773853399,2.289283108879094
2.5932610624510835,4.699908530181935,2.2899363218017217
2.5941579953151095,4.700242372328615,2.2905904823088816
2.5950552526753747,4.7005752977637005,2.291245593089063
2.5959528350367727,4.7009073039460345,2.2919016568435433
2.5968507429055965,4.701238388322971,2.2925586762864443
2.597748976789525,4.701568548330301,2.2932166541447923
2.5986475371976097,4.701897781392174,2.2938755931585786
2.5995464246402635,4.702226084921019,2.2945354960808206
2.600445639629249,4.702553456317472,2.295196365677624
2.601345182677666,4.702879892970288,2.2958582047282463
2.6022450542999436,4.703205392256268,2.2965210160251597
2.603145255011825,4.703529951540172,2.297184802374115
2.604045785330361,4.70385356817464,2.297849566594206
2.604946645773898,4.704176239500116,2.2985153115179355
2.605847836862068,4.704497962844757,2.299182039991279
2.6067493591157795,4.704818735524359,2.299849754873749
2.607651213057209,4.705138554842276,2.300518459038463
2.6085533992097902,4.705457418089335,2.3011881553722078
2.6094559180982064,4.705775322543759,2.301858846775504
2.61035877024838,4.706092265471088,2.302530536162674
2.611261956187466,4.7064082441240975,2.3032032264619042
2.6121654764438413,4.706723255742721,2.303876920615315
2.613069331547099,4.707037297553973,2.3045516215790216
2.613973522028038,4.707350366771868,2.3052273323232035
2.6148780484186553,4.707662460597347,2.3059040558321673
2.6157829112521394,4.7079735762182,2.3065817951044125
2.6166881110628606,4.708283710808993,2.307260553152696
2.6175936483863644,4.708592861530988,2.3079403330040975
2.6184995237593642,4.708901025532077,2.3086211377000834
2.619405737719733,4.709208199946703,2.3093029702965704
2.6203122908064955,4.709514381895791,2.309985833863991
2.621219183559822,4.709819568486676,2.310669731487355
2.62212641652102,4.710123756813035,2.3113546662663134
2.6230339902325275,4.710426943954816,2.3120406413152215
2.6239419052379054,4.71072912697817,2.3127276597632007
2.6248501620818305,4.711030302935386,2.3134157247541998
2.6257587613100886,4.711330468864826,2.314104839447057
2.626667703469567,4.711629621790857,2.3147950070155607
2.6275769891082477,4.7119277587237915,2.315486230648509
2.6284866187752005,4.712224876659824,2.31617851354977
2.629396593020576,4.71252097258097,2.3168718589383404
2.6303069123955987,4.712816043455009,2.3175662700484034
2.63121757745256,4.713110086235424,2.3182617501293876
2.6321285887448105,4.713403097861347,2.3189583024460223
2.633039946826756,4.7136950752575055,2.3196559302783952
2.6339516522538466,4.713986015334167,2.3203546369220063
2.6348637055825743,4.7142759149870885,2.3210544256878225
2.635776107370463,4.714564771097467,2.3217552999023323
2.6366888581760635,4.714852580531892,2.3224572629075975
2.637601958558946,4.715139340142301,2.3231603180613045
2.6385154090796945,4.71542504676593,2.3238644687368155
2.6394292102998995,4.7157096972252806,2.324569718323218
2.6403433627821524,4.715993288328071,2.3252760702253727
2.641257867090038,4.716275816867205,2.325983527863962
2.642172723788129,4.7165572796207345,2.326692094675533
2.6430879334419792,4.716837673351824,2.3274017741125466
2.6440034966181183,4.717116994808725,2.3281125696434173
2.6449194138840446,4.717395240724745,2.3288244847525568
2.6458356858082204,4.717672407818222,2.329537522940414
2.6467523129600647,4.717948492792504,2.330251687723514
2.6476692959099486,4.71822349233593,2.330966982634498
2.6485866352291896,4.71849740312181,2.331683411222155
2.6495043314900455,4.7187702218084135,2.3324009770514595
2.65042238526571,4.719041945038961,2.333119683703603
2.6513407971303065,4.719312569441613,2.3338395347760237
2.652259567658885,4.719582091629473,2.3345605338824376
2.6531786974274167,4.7198505082005795,2.3352826846528636
2.654098187012788,4.7201178157379164,2.336005990733649
2.6550180369928,4.720384010809419,2.3367304557874937
2.6559382479461613,4.720649089967985,2.337456083493469
2.6568588204524857,4.7209130497514895,2.3381828775470375
2.65777975509229,4.721175886682807,2.33891084166007
2.658701052446991,4.721437597269835,2.3396399795608587
2.659622713098902,4.721698178005524,2.3403702949941296
2.660544737631232,4.721957625367911,2.341101791721052
2.661467126628085,4.722215935820156,2.3418344735192442
2.662389880674458,4.7224731058105895,2.34256834418278
2.6633130003562417,4.722729131772758,2.3433034075221886
2.664236486260221,4.72298401012548,2.3440396673644543
2.6651603389740752,4.723237737272905,2.344777127553014
2.666084559086382,4.7234903096045775,2.3455157919477494
2.667009147186619,4.723741723495509,2.346255664424979
2.667934103865167,4.723991975306255,2.3469967488774452
2.6688594297133155,4.724241061382995,2.347739049214302
2.6697851253232687,4.724488978057623,2.3484825693610953
2.6707111912881527,4.7247357216478445,2.3492273132597425
2.6716376282020216,4.724981288457271,2.3499732848685118
2.6725644366598695,4.725225674775533,2.350720488161994
2.67349161725764,4.7254688768783915,2.351468927131075
2.674419170592239,4.725710891027855,2.3522186057829053
2.675347097261549,4.725951713472313,2.352969528140865
2.676275397864445,4.726191340446658,2.3537216982445286
2.6772040730008126,4.726429768172433,2.354475120149626
2.6781331232715684,4.726666992857971,2.3552297979280032
2.6790625492786813,4.726903010698548,2.355985735667579
2.679992351625198,4.727137817876536,2.3567429374723012
2.6809225309152716,4.727371410561567,2.357501407462103
2.681853087754189,4.727603784910694,2.3582611497728543
2.6827840227484083,4.727834937068566,2.35902216855632
2.683715336505593,4.728064863167599,2.35978446798011
2.6846470296346525,4.728293559328149,2.3605480522276374
2.6855791027457885,4.728521021658692,2.3613129254980736
2.6865115564505415,4.728747246256004,2.3620790920063084
2.687444391361845,4.728972229205332,2.362846555982913
2.6883776080940835,4.729195966580571,2.363615321674108
2.6893112072631573,4.729418454444435,2.364385393341739
2.6902451894865487,4.729639688848615,2.365156775263257
2.6911795553834006,4.729859665833937,2.3659294717317105
2.6921143055745973,4.730078381430493,2.3667034870557524
2.6930494406828536,4.730295831657773,2.367478825559656
2.6939849613328133,4.730512012524758,2.3682554915833514
2.694920868151154,4.730726920030003,2.3690334894824847
2.695857161766703,4.730940550161673,2.3698128236284974
2.6967938428105622,4.731152898897552,2.3705934984087382
2.6977309119162434,4.731363962204995,2.371375518226608
2.6986683697198157,4.731573736040831,2.3721588875017456
2.6996062168600647,4.7317822163511964,2.37294361067026
2.7005444539786674,4.731989399071287,2.3737296921850173
2.701483081720378,4.732195280125014,2.3745171365159914
2.702422100733233,4.732399855424556,2.37530594815069
2.70336151166877,4.732603120869772,2.3760961315946654
2.704301315182266,4.732805072347468,2.3768876913721244
2.705241511932996,4.733005705730481,2.377680632026655
2.706182102584509,4.733205016876554,2.378474958122084
2.707123087804929,4.733403001626978,2.37927067424349
2.7080644682672776,4.7335996558049365,2.380067784998388
2.7090062446498213,4.733794975213544,2.3808662950181225
2.7099484176364426,4.733988955633496,2.3816662089594844
2.71089098791704,4.734181592820295,2.3824675315065966
2.7118339561879528,4.734372882500979,2.3832702673730974
2.712777323152412,4.7345628203703,2.384074421304665
2.7137210895210218,4.7347514020862445,2.384879998081921
2.714665256012262,4.734938623264855,2.3856870025237678
2.715609823353016,4.735124479474241,2.3864954394911995
2.7165547922791187,4.735308966227693,2.3873053138916367
2.71750016353592,4.735492078975839,2.3881166306838377
2.7184459378788577,4.735673813097725,2.38892939488342
2.719392116074029,4.735854163890799,2.3897436115690325
2.7203386988987552,4.736033126559719,2.3905592858891986
2.72128568714212,4.736210696203994,2.3913764230698287
2.7222330816054705,4.736386867804494,2.392195028422379
2.7231808831028594,4.73656163620891,2.3930151073526016
2.7241290924614128,4.736734996116341,2.393836665369779
2.725077710521598,4.7369069420612435,2.394659708096309
2.7260267381373744,4.73707746839708,2.3954842412774355
2.7269761761762044,4.737246569280086,2.396310270790894
2.727926025518916,4.737414238653626,2.397137802656185
2.7288762870594,4.73758047023369,2.397966843043178
2.7298269617041426,4.737745257496055,2.398797398279737
2.7307780503716033,4.737908593665625,2.399629474858076
2.731729553991442,4.7380704717083635,2.400463079439624
2.7326814735036313,4.738230884326116,2.401298218858215
2.7336338098574706,4.738389823954469,2.402134900121542
2.7345865640105433,4.738547282763601,2.4029731304108886
2.735539736927645,4.7387032526619555,2.4038129170792453
2.7364933295797167,4.738857725302405,2.404654267647998
2.7374473429428146,4.7390106920904795,2.4054971898024218
2.738401777997129,4.739162144194209,2.4063416913862556
2.7393566357260823,4.73931207255508,2.4071877803956174
2.7403119171155046,4.7394604678996615,2.40803546497253
2.741267623152898,4.739607320751481,2.4088847533982807
2.7422237548267883,4.7397526214428245,2.4097356540868096
2.743180313126163,4.739896360126175,2.410588175578283
2.7441372990399837,4.740038526785089,2.411442326532968
2.7450947135567736,4.740179111244371,2.412298115725482
2.7460525576642656,4.740318103179466,2.413155552039478
2.7470108323491065,4.740455492125004,2.414014644462785
2.747969538596607,4.74059126748251,2.414875402083011
2.7489286773905333,4.740725418527283,2.4157378340836058
2.7498882497129276,4.74085793441447,2.41660194974036
2.750848256543958,4.740988804184389,2.4174677584183257
2.751808698861787,4.741118016767147,2.4183352695691216
2.7527695776424577,4.741245560986602,2.4192044927286025
2.7537308938597893,4.741371425563729,2.4200754375148557
2.754692648485284,4.741495599119434,2.420948113626501
2.755654842488036,4.741618070176876,2.421822530841266
2.7566174768346454,4.741738827163337,2.4226986990148047
2.7575805524891313,4.741857858411681,2.4235766280797435
2.7585440704128428,4.741975152161449,2.4244563280449283
2.7595080315643687,4.742090696559617,2.425337808994851
2.7604724368994398,4.742204479661057,2.4262210810892415
2.7614372873708275,4.742316489428719,2.4271061545628063
2.762402583928234,4.742426713733573,2.4279930397250977
2.7633683275181764,4.742535140354325,2.4288817469605055
2.7643345190838584,4.742641756976925,2.4297722867283524
2.7653011595650363,4.742746551193889,2.43066466956309
2.7662682498978723,4.742849510503456,2.4315589060745815
2.7672357910147762,4.742950622308578,2.432455006948464
2.7682037838442377,4.743049873915768,2.4333529829465843
2.7691722293106436,4.743147252533818,2.4342528449075003
2.7701411283340844,4.743242745272382,2.435154603747043
2.771110481830145,4.743336339140444,2.436058270458934
2.772080290709682,4.743428021044676,2.436963856115453
2.773050555878588,4.743517777787688,2.437871371868155
2.774021278237536,4.74360559606618,2.438780828948625
2.7749924586817114,4.743691462468992,2.439692238669278
2.775964098100526,4.743775363475069,2.440605612424195
2.7769361973773132,4.743857285451328,2.44152096168999
2.7779087573890062,4.743937214650445,2.442438298026713
2.7788817790057965,4.744015137208554,2.443357633078782
2.7798552630907722,4.74409103914286,2.44427897857594
2.7808292104995367,4.744164906349173,2.4452023463342427
2.7818036220798037,4.7442367245993635,2.4461277482570667
2.7827784986709725,4.7443064795387295,2.447055196336143
2.7837538411036764,4.744374156683293,2.447984702652612
2.78472965019931,4.744439741417007,2.448916279378097
2.7857059267695283,4.744503218988893,2.449849938775798
2.7866826716157216,4.744564574510089,2.4507856932016012
2.7876598855284604,4.744623792950825,2.451723555105209
2.7886375692869123,4.744680859137309,2.4526635370312793
2.7896157236582297,4.744735757748541,2.453605651620584
2.7905943493969043,4.744788473313038,2.4545499116111773
2.7915734472440903,4.74483899020548,2.4554963298395758
2.7925530179268923,4.744887292643266,2.456444919241951
2.7935330621576187,4.744933364682994,2.457395692855327
2.7945135806329966,4.744977190216844,2.458348663818791
2.7954945740333486,4.745018752968888,2.459303845374705
2.796476043021729,4.745058036491301,2.460261250869926
2.797457988243019,4.745095024160484,2.461220893757028
2.798440410322976,4.745129699173105,2.462182787595524
2.7994233098672376,4.745162044542039,2.463146946053093
2.8004066874602804,4.745192043092227,2.464113382906799
2.801390543664326,4.7452196774564355,2.4650821120443105
2.8023748790181977,4.7452449300709265,2.466053147465111
2.8033596940361223,4.7452677831710375,2.467026503281702
2.8043449892064776,4.745288218786664,2.468002193720796
2.805330764990482,4.745306218737656,2.4689802331244945
2.806317021820824,4.74532176462912,2.4699606359514488
2.807303760100231,4.745334837846632,2.4709434167780016
2.808290980199971,4.745345419551365,2.4719285902993064
2.809278682458295,4.7453534906751305,2.472916171330418
2.8102668671788074,4.745359031915338,2.473906174807351
2.8112555346287658,4.745362023729877,2.4748986157881077
2.812244685037315,4.745362446331932,2.4758935094536567
2.813234318593646,4.74536027968473,2.4768908711088757
2.8142244354450825,4.745355503496229,2.477890716183436
2.8152150356950933,4.745348097213765,2.478893060232633
2.816206119401235,4.745338040018666,2.47989791893815
2.817197686573015,4.745325310820843,2.4809053081087553
2.818189737169692,4.7453098882533835,2.4819152436809158
2.8191822710979975,4.745291750667163,2.4829277417193256
2.8201752882098026,4.745270876125501,2.4839428184173387
2.8211687882997163,4.74524724239889,2.484960490097294
2.8221627711026342,4.745220826959839,2.4859807732107257
2.8231572362912427,4.7451916069778575,2.487003684338445
2.8241521834734913,4.745159559314646,2.4880292401904827
2.8251476121900456,4.745124660519539,2.489057457605879
2.826143521911745,4.745086886825268,2.490088353552309
2.8271399120370817,4.745046214144126,2.4911219451255264
2.828136781889737,4.7450026180646265,2.4921582495486145
2.829134130716206,4.744956073848761,2.4931972841710253
2.8301319576835575,4.7449065564299815,2.494239066467395
2.8311302618773815,4.744854040412061,2.4952836140361163
2.832129042299989,4.744798500068998,2.496330944597656
2.833128297868946,4.744739909346167,2.4973810759926005
2.8341280274160336,4.744678241862953,2.4984340261794165
2.835128229686751,4.744613470917136,2.499489813231917
2.8361289033404957,4.744545569491337,2.500548455336424
2.8371300469515868,4.744474510261896,2.5016099707886266
2.838131659011322,4.74440026561058,2.5026743779901364
2.839133737931296,4.744322807639601,2.503741695444753
2.8401362820482423,4.744242108190462,2.5048119417544665
2.8411392896307097,4.74415813886723,2.50588513561523
2.8421427588879133,4.744070871064872,2.5069612958125616
2.843146687981161,4.743980276003334,2.508040441217057
2.844151075038278,4.743886324768109,2.5091225907799113
2.8451559181714994,4.743788988357991,2.5102077635285913
2.846161215499302,4.743688237740702,2.511295978562826
2.8471669651726423,4.743584043916961,2.512387255051123
2.8481731654060183,4.743476377993372,2.5134816122280497
2.8491798145136644,4.743365211264221,2.5145790693925583
2.8501869109510265,4.7432505153018125,2.515679645907644
2.8511944533614013,4.7431322620544405,2.516783361201637
2.8522024406272957,4.743010423950359,2.517890234771407
2.853210871925633,4.742884974005306,2.5190002861877026
2.854219746785462,4.742755885930284,2.520113535102753
2.8552290651463337,4.742623134235527,2.52123000126015
2.856238827415094,4.742486694326005,2.522349704506847
2.8572490345185604,4.742346542583604,2.5234726648069707
2.8582596879495057,4.742202656431411,2.5245989022569693
2.859270789803609,4.742055014376345,2.5257284371015207
2.8602823428055513,4.741903596027684,2.526861289749573
2.8612943503231936,4.741748382090694,2.5279974807899066
2.8623068163696495,4.741589354336303,2.529137031005708
2.863319745593928,4.741426495549346,2.530279961387789
2.86433314326155,4.741259789459096,2.531426293146247
2.8653470152270346,4.741089220656495,2.532576047720527
2.866361367900408,4.740914774502671,2.5337292467879786
2.8673762082098695,4.740736437033042,2.534885912271094
2.8683915435625793,4.740554194860753,2.5360460663436606
2.869407381805219,4.7403680350824295,2.537209731436084
2.87042373118563,4.740177945188457,2.538376930240116
2.8714406003164754,4.739983912979267,2.5395476857132024
2.872457998141549,4.739785926488468,2.5407220210826202
2.8734759339050924,4.7395839739131915,2.541899959849546
2.87449441712427,4.739378043551618,2.543081525793153
2.8755134575647907,4.73916812374741,2.5442667429748127
2.876533065219567,4.738954202840611,2.5454556357424494
2.877553250290231,4.738736269124465,2.5466482287350747
2.8785740231712817,4.738514310807595,2.5478445468875264
2.87959539443663,4.738288315980941,2.5490446154354114
2.880617374828301,4.738058272588913,2.550248459920261
2.8816399752470594,4.737824168404241,2.5514561061948893
2.88266320674475,4.7375859910060285,2.552667580428958
2.8836870805181416,4.737343727760595,2.5538829091147313
2.8847116079041,4.737097365804713,2.5551021190730285
2.8857368003759345,4.736846892030909,2.5563252374593546
2.886762669540761,4.736592293074524,2.5575522917702145
2.8877892271377714,4.736333555302283,2.558783309849603
2.8888164850372866,4.7360706648021385,2.5600183198956645
2.8898444552405045,4.735803607374198,2.5612573504675287
2.890873149879859,4.735532368522567,2.5625004304923107
2.891902581219915,4.73525693344796,2.5637475892722836
2.892932761658738,4.734977287040949,2.564998856492221
2.8939637037296904,4.734693413875749,2.5662542622269084
2.8949954201035992,4.734405298204438,2.5675138369488333
2.896027923591264,4.734112923951536,2.568777611536045
2.8970612271462644,4.733816274708873,2.5700456172801975
2.8980953438680452,4.733515333730669,2.571317885894777
2.8991302870052498,4.733210083928806,2.572594449523512
2.9001660699592815,4.73290050786821,2.573875340748979
2.9012027062880774,4.732586587762326,2.575160592601406
2.9022402097100777,4.732268305468646,2.576450238567676
2.90327859410838,4.731945642484249,2.5777443126005406
2.9043178735350668,4.731618579941343,2.5790428491280473
2.9053580622156967,4.731287098602773,2.5803458830631887
2.906399174553958,4.730951178857477,2.58165344981378
2.9074412251364703,4.730610800715873,2.5829655852925697
2.9084842287377395,4.730265943805154,2.5842823259275938
2.909528200325255,4.729916587364491,2.5856037086727808
2.9105731550647325,4.729562710240104,2.586929771018813
2.911619108325498,4.72920429088022,2.588260551004255
2.9126660756860137,4.728841307329879,2.5895960872269588
2.913714072939546,4.7284737372255945,2.5909364188557484
2.9147631160999756,4.728101557789849,2.592281585642403
2.9158132214077503,4.727724745825418,2.5936316279339393
2.9168644053359865,4.727343277709519,2.5949865866852084
2.9179166845967135,4.726957129387765,2.5963465034718136
2.9189700761472728,4.726566276367923,2.597711420503365
2.9200245971968677,4.726170693713467,2.599081380637075
2.921080265213271,4.7257703560369135,2.600456427391715
2.9221370979296912,4.72536523749294,2.6018366049619344
2.923195113351806,4.724955311771266,2.6032219582329663
2.92425432976496,4.7245405520893025,2.6046125327957212
2.9253147657415406,4.724120931184544,2.60600837496229
2.9263764401485264,4.723696421306715,2.6074095317818675
2.9274393721552223,4.723266994209646,2.6088160510571083
2.928503581241183,4.7228326211428735,2.610227981360936
2.9295690872043263,4.722393272842963,2.611645372053815
2.9306359101692525,4.721948919524534,2.613068273301502
2.9317040705957615,4.721499530870985,2.6144967360932996
2.9327735892875895,4.721045076024904,2.615930812260821
2.933844487401358,4.720585523578155,2.617370554497292
2.9349167864557524,4.720120841561627,2.618816016377401
2.9359905083409275,4.719650997434642,2.620267252377726
2.937065675328158,4.719175958073993,2.62172431789775
2.9381423100797286,4.718695689762616,2.6231872692814915
2.939220435659083,4.718210158177872,2.624656163839775
2.9403000755412316,4.717719328379424,2.6261310598731558
2.941381253623427,4.717223164796705,2.6276120166955326
2.9424639942361197,4.716721631215941,2.62909909465847
2.943548322154195,4.716214690766725,2.630592355176257
2.944634262608506,4.715702305908125,2.63209186075173
2.945721841297704,4.715184438414298,2.6335976750028918
2.9468110844003848,4.714661049359585,2.6351098626903555
2.9479020185875426,4.714132099103087,2.6366284897456445
2.9489946710353605,4.713597547272663,2.6381536233003864
2.950089069438327,4.713057352748355,2.6396853317164357
2.9511852420226985,4.712511473645197,2.6412236846169614
2.952283217560311,4.7119598672953735,2.64276875291854
2.9533830253827484,4.711402490229709,2.6443206088643003
2.954484695395873,4.710839298158438,2.645879326058157
2.955588258094733,4.710270245951231,2.647444979500187
2.9566937445788386,4.709695287616422,2.649017645623199
2.957801186567828,4.7091143762794,2.650597402330542
2.9589106164175147,4.708527464160117,2.652184329035218
2.9600220671363244,4.70793450254965,2.6537785067003528
2.9611355724021258,4.707335441785768,2.655380017881095
2.9622511665794504,4.706730231227437,2.656988946768004
2.9633688847371027,4.706118819228187,2.658605379232006
2.9644887626661554,4.705501153108278,2.6602294028709905
2.965610836898326,4.704877179125571,2.661861107058137
2.966735144724723,4.704246842445011,2.663500582992053
2.96786172421495,4.70361008710664,2.665147923748819
2.968990614236552,4.702966855992013,2.666803224336047
2.970121854474789,4.702317090788907,2.668466581749051
2.9712554854527053,4.701660731954206,2.67013809502925
2.972391548551476,4.700997718674813,2.6718178653249143
2.9735300860309906,4.700327988826456,2.6735059959543945
2.9746711410506506,4.699651478930229,2.67520259247195
2.9758147576903284,4.698968124106721,2.676907762736321
2.976960980971461,4.6982778580275655,2.678621616982186
2.9781098568782305,4.697580612864259,2.6803442678946285
2.9792614323787996,4.6968763192340965,2.68207583068677
2.9804157554465673,4.69616490614309,2.6838164231806774
2.9815728750814303,4.695446300925768,2.6855661658916765
2.982732841331046,4.6947204291817854,2.687325182116157
2.983895705312124,4.6939872147093205,2.6890935980229407
2.9850615192318033,4.69324657943533,2.6908715427482504
2.986230336409228,4.6924984433427985,2.6926591484942537
2.987402211297471,4.69174272439523,2.6944565506311244
2.9885771995060444,4.6909793384587575,2.696263887802487
2.989755357824291,4.69020819922236,2.698081302034051
2.9909367442460324,4.689429218116805,2.699908938845179
2.9921214179959303,4.688642304233053,2.70174694736309
2.9933094395580593,4.687847364240901,2.7035954804393483
2.994500870707252,4.687044302308714,2.705454694768304
2.9956957745437744,4.686233020025007,2.7073247510071723
2.9968942155318623,4.685413416322563,2.70920581389751
2.998096259542595,4.6845853874055665,2.7110980523879573
2.9993019739014746,4.683748826680009,2.713001639758253
3.0005114274409586,4.682903624687324,2.7149167537446974
3.001724690558044,4.682049669040927,2.716843576667392
3.002941835276876,4.681186844365095,2.7187822955597367
3.004162935316219,4.680315032235352,2.720733102300799
3.005388066161541,4.679434111119436,2.7226961937512346
3.006617305141397,4.678543956317793,2.7246717718935023
3.007850731507778,4.677644439902599,2.726660043977107
3.009088426520098,4.676735430654315,2.7286612226695808
3.010330473532523,4.675816793994923,2.730675526213861
3.011576958084398,4.674888391917088,2.732703178592655
3.012827967993594,4.673950082908649,2.7347444097003124
3.014083593452657,4.673001721871967,2.736799455522651
3.0153439271277014,4.672043160037775,2.7388685583251293
3.016609064260049,4.671074244873301,2.7409519668496842
3.0178791027706637,4.6700948199844845,2.743049936520528
3.019154143367465,4.669104725012224,2.7451627296591474
3.02043428965564,4.668103795522609,2.747290615708726
3.0217196482510964,4.667091862891134,2.7494338714681774
3.0230103288972017,4.666068754180949,2.7515927813359773
3.024306444584984,4.665034292015183,2.7537676375639397
3.025608111676952,4.663988294443426,2.7559587405210904
3.0269154500346986,4.662930574802449,2.75816639896775
3.02822858315045,4.6618609415712795,2.7603909303399337
3.0295476382827027,4.66077919822073,2.762632661044131
3.030872746596082,4.6596851430575486,2.7648919267625116
3.032204043305533,4.658578569063331,2.7671690727685396
3.033541667824933,4.657459263728419,2.7694644542529367
3.034885763920182,4.656327008881003,2.771778436659865
3.0362364798667945,4.655181580511737,2.774111396033109
3.0375939686119766,4.654022748594213,2.7764637193719435
3.0389583879411095,4.652850276901714,2.7788358049962465
3.040329900648514,4.651663922820788,2.781228062920265
3.0417086747122895,4.650463437162247,2.7836409152342694
3.043094883472941,4.649248563970368,2.786074796493117
3.044488705815395,4.648019040331204,2.7885301541104863
3.0458903263538963,4.646774596181098,2.791007448757254
3.0472999356191304,4.645514954116727,2.793507154762118
3.048717730246737,4.644239829208231,2.7960297605121536
3.05014391316619,4.642948928817305,2.7985757688504824
3.0515786937887723,4.641641952422487,2.8011456974676534
3.053022288193091,4.640318591454253,2.803740079282617
3.054474919306243,4.638978529143099,2.806359462808362
3.0559368170783405,4.637621440384259,2.8090044124962996
3.0574082186476326,4.636246991623492,2.811675509052323
3.0588893684929013,4.634854840769079,2.814373349716108
3.060380518569143,4.6334446371361775,2.817098548493609
3.0618819284217578,4.632016021430719,2.819851736330793
3.063393865273537,4.630568625781387,2.8226335612144013
3.0649166040776263,4.629102073829714,2.8254446881828508
3.066450427528328,4.627615980890139,2.8282857992272414
3.067995626020029,4.626109954194,2.8311575930586708
3.069552497542697,4.6245835932339485,2.8340607847136274
3.0711213475001546,4.623036490228244,2.8369961049639607
3.072702488434711,4.621468230727868,2.8399642994916707
3.0742962396385964,4.619878394393591,2.8429661277813283
3.075902926628885,4.618266555974994,2.8460023616740995
3.077522880458137,4.616632286529319,2.8490737835168423
3.079156436827662,4.614975154924854,2.8521811838272306
3.0808039349639262,4.613294729681833,2.8553253583809632
3.082465716211053,4.6115905812134566,2.8585071046093744
3.084142122283248,4.609862284541212,2.8617272171746135
3.085833493110158,4.608109422572329,2.8649864825643574
3.087540164195187,4.606331590043432,2.868285672517996
3.089262463391298,4.604528398253662,2.87162553606046
3.091000706980349,4.60269948073336,2.8750067898772835
3.092755194919944,4.600844500021308,2.878430106713898
3.094526205095519,4.598963155755383,2.881896101422059
3.096313986384197,4.59705519431889,2.8854053142052196
3.098118750299974,4.59512042032882,2.888958190530705
3.09994066094621,4.593158710303521,2.8925550570779355
3.101779822950235,4.591170028906725,2.8961960929767363
3.1036362669952964,4.58915444823323,2.899881295456232
3.105509932496299,4.5871121706790605,2.9036104388716297
3.107400646887499,4.5850435560256795,2.9073830259029476
3.1093081009027146,4.5829491534624145,2.911198229527596
3.111231819133114,4.580829739371249,2.9150548241615453
3.1131711250473684,4.57868636179823,2.918951104149721
3.115125099559869,4.576520392627341,2.9228847875799895
3.1170925321449623,4.574333588541657,2.9268529032210933
3.1190718634351198,4.572128161881088,2.930851658282094
3.1210611182338623,4.56990686245359,2.934876284718279
3.123057827957577,4.567673071180346,2.938920862053055
3.125058941747931,4.565430906089262,2.94297811527057
3.1270607259429624,4.56318534052637,2.947039187429164
3.1290586523590016,4.560942332416778,2.9510933884737653
3.1310472770416142,4.5587089618363255,2.95512792456217
3.133020112935914,4.55649357189788,2.959127616380858
3.134969502451297,4.55430590486835,2.9630746207217094
3.1368864992635164,4.5521572214294785,2.9669481772390736
3.1387607729141336,4.550060386137632,2.9707244117728195
3.140580554628231,4.548029896755317,2.9743762383789507
3.1423326477151075,4.546081829980695,2.977873412914366
3.1440025298733842,4.544233672538735,2.9811827991920183
3.1455745760163945,4.542504006620726,2.984268910545182
3.1470324266717062,4.5409120247559835,2.9870947802176087
