x,y,z
6.76055695968008,6.303894585885243,4.079764189226212
6.760927447048372,6.304804924854134,4.080308976974497
6.7612979264704745,6.305715257505657,4.080853763456402
6.761668397950076,6.30662558384205,4.08139854867173
6.76203886149087,6.307535903865551,4.081943332620283
6.762409317096554,6.308446217578405,4.082488115301861
6.762779764770826,6.309356524982859,4.083032896716265
6.763150204517388,6.310266826081166,4.083577676863294
6.763520636339945,6.311177120875581,4.084122455742747
6.763891060242205,6.312087409368366,4.0846672333544225
6.764261476227879,6.312997691561783,4.085212009698117
6.764631884300679,6.3139079674581025,4.085756784773627
6.765002284464324,6.314818237059596,4.0863015585807485
6.7653726767225315,6.3157285003685395,4.0868463311192755
6.765743061079025,6.3166387573872145,4.087391102389003
6.76611343753753,6.317549008117905,4.087935872389725
6.766483806101773,6.318459252562901,4.088480641121232
6.766854166775486,6.319369490724494,4.089025408583319
6.767224519562404,6.320279722604981,4.089570174775774
6.767594864466264,6.321189948206665,4.090114939698388
6.767965201490805,6.322100167531849,4.090659703350952
6.768335530639769,6.323010380582843,4.091204465733255
6.768705851916903,6.323920587361959,4.091749226845084
6.769076165325956,6.324830787871516,4.092293986686227
6.769446470870678,6.325740982113834,4.092838745256469
6.769816768554824,6.32665117009124,4.093383502555599
6.7701870583821515,6.327561351806062,4.0939282585834
6.770557340356421,6.328471527260635,4.094473013339656
6.770927614481396,6.329381696457295,4.095017766824153
6.771297880760842,6.330291859398385,4.095562519036672
6.771668139198527,6.331202016086252,4.096107269976995
6.772038389798225,6.332112166523243,4.096652019644905
6.7724086325637085,6.333022310711714,4.097196768040182
6.772778867498757,6.333932448654022,4.097741515162606
6.77314909460715,6.33484258035253,4.098286261011956
6.773519313892671,6.335752705809603,4.0988310055880115
6.773889525359108,6.336662825027612,4.09937574889055
6.774259729010248,6.337572938008932,4.099920490919348
6.774629924849886,6.3384830447559395,4.100465231674183
6.7750001128818145,6.339393145271019,4.10100997115483
6.775370293109833,6.3403032395565555,4.101554709361063
6.7757404655377425,6.34121332761494,4.102099446292659
6.776110630169346,6.342123409448568,4.1026441819493895
6.776480787008452,6.343033485059838,4.103188916331027
6.776850936058868,6.343943554451152,4.103733649437346
6.777221077324408,6.344853617624917,4.104278381268116
6.777591210808888,6.345763674583544,4.104823111823108
6.7779613365161255,6.34667372532945,4.105367841102092
6.778331454449942,6.347583769865051,4.105912569104839
6.778701564614162,6.348493808192773,4.106457295831115
6.779071667012614,6.349403840315041,4.10700202128069
6.779441761649126,6.350313866234288,4.10754674545333
6.779811848527533,6.351223885952948,4.108091468348803
6.78018192765167,6.352133899473462,4.108636189966874
6.780551999025375,6.3530439067982725,4.109180910307308
6.7809220626524915,6.353953907929828,4.10972562936987
6.7812921185368635,6.35486390287058,4.110270347154325
6.781662166682339,6.3557738916229845,4.110815063660434
6.782032207092769,6.356683874189501,4.111359778887961
6.782402239772006,6.357593850572593,4.111904492836667
6.782772264723907,6.358503820774731,4.112449205506313
6.783142281952332,6.3594137847983845,4.11299391689666
6.783512291461143,6.360323742646032,4.113538627007468
6.783882293254206,6.361233694320153,4.1140833358384965
6.784252287335388,6.362143639823231,4.114628043389503
6.78462227370856,6.363053579157757,4.115172749660247
6.784992252377598,6.363963512326222,4.1157174546504836
6.785362223346377,6.364873439331124,4.11626215835997
6.7857321866187785,6.365783360174962,4.116806860788463
6.7861021421986845,6.366693274860243,4.117351561935718
6.7864720900899815,6.367603183389475,4.117896261801488
6.786842030296558,6.368513085765172,4.118440960385528
6.787211962822306,6.369422981989851,4.118985657687591
6.787581887671121,6.370332872066035,4.11953035370743
6.7879518048469,6.3712427559962475,4.1200750484447966
6.788321714353543,6.37215263378302,4.120619741899443
6.788691616194955,6.3730625054288845,4.121164434071119
6.789061510375041,6.373972370936381,4.121709124959575
6.7894313968977125,6.374882230308051,4.122253814564561
6.78980127576688,6.375792083546441,4.122798502885826
6.790171146986461,6.3767019306541,4.1233431899231165
6.790541010560373,6.3776117716335845,4.123887875676182
6.7909108664925375,6.378521606487452,4.124432560144769
6.791280714786879,6.379431435218267,4.124977243328624
6.791650555447325,6.3803412578285945,4.125521925227494
6.792020388477805,6.381251074321007,4.126066605841122
6.792390213882254,6.382160884698079,4.126611285169254
6.792760031664608,6.383070688962391,4.127155963211633
6.793129841828805,6.383980487116526,4.127700639968004
6.793499644378789,6.384890279163072,4.128245315438108
6.793869439318505,6.385800065104621,4.128789989621689
6.794239226651901,6.386709844943769,4.129334662518488
6.794609006382928,6.387619618683117,4.129879334128246
6.794978778515541,6.388529386325269,4.1304240044507035
6.795348543053698,6.389439147872833,4.1309686734856
6.795718300001358,6.390348903328424,4.131513341232676
6.796088049362485,6.391258652694658,4.132058007691669
6.796457791141045,6.392168395974156,4.132602672862318
6.796827525341008,6.393078133169545,4.1331473367443605
6.797197251966347,6.393987864283453,4.133691999337533
6.797566971021037,6.394897589318514,4.134236660641573
6.797936682509056,6.395807308277368,4.134781320656216
6.798306386434387,6.396717021162655,4.1353259793811965
6.7986760828010135,6.397626727977024,4.135870636816251
6.799045771612923,6.398536428723125,4.1364152929611135
6.799415452874107,6.399446123403612,4.136959947815517
6.799785126588559,6.400355812021146,4.137504601379195
6.800154792760276,6.4012654945783884,4.1380492536518805
6.800524451393257,6.402175171078009,4.138593904633305
6.800894102491506,6.40308484152268,4.1391385543232015
6.801263746059029,6.403994505915077,4.1396832027213
6.801633382099835,6.40490416425788,4.1402278498273315
6.802003010617936,6.405813816553776,4.140772495641026
6.802372631617347,6.406723462805452,4.141317140162114
6.8027422451020865,6.407633103015603,4.141861783390323
6.803111851076176,6.4085427371869255,4.142406425325382
6.80348144954364,6.409452365322123,4.14295106596702
6.803851040508507,6.4103619874239,4.143495705314964
6.804220623974807,6.411271603494969,4.144040343368942
6.804590199946573,6.4121812135380445,4.144584980128679
6.804959768427844,6.413090817555846,4.145129615593902
6.805329329422659,6.4140004155510955,4.145674249764337
6.8056988829350615,6.414910007526522,4.146218882639708
6.806068428969097,6.415819593484859,4.1467635142197405
6.806437967528816,6.416729173428843,4.147308144504159
6.80680749861827,6.417638747361213,4.147852773492686
6.807177022241516,6.418548315284716,4.148397401185046
6.807546538402613,6.419457877202102,4.148942027580961
6.807916047105621,6.420367433116124,4.149486652680155
6.8082855483546085,6.421276983029541,4.150031276482348
6.808655042153641,6.422186526945116,4.150575898987263
6.809024528506792,6.423096064865616,4.15112052019462
6.809394007418136,6.424005596793814,4.15166514010414
6.80976347889175,6.424915122732484,4.152209758715544
6.810132942931715,6.425824642684408,4.1527543760285495
6.810502399542117,6.426734156652371,4.153298992042878
6.810871848727043,6.427643664639161,4.153843606758247
6.8112412904905835,6.428553166647574,4.1543882201743765
6.811610724836832,6.429462662680407,4.154932832290983
6.811980151769887,6.430372152740462,4.155477443107786
6.812349571293847,6.4312816368305485,4.156022052624502
6.812718983412818,6.4321911149534765,4.156566660840848
6.813088388130906,6.433100587112063,4.157111267756539
6.81345778545222,6.434010053309128,4.157655873371294
6.813827175380875,6.434919513547497,4.158200477684827
6.8141965579209876,6.435828967829999,4.158745080696853
6.814565933076677,6.43673841615947,4.159289682407088
6.814935300852067,6.437647858538747,4.159834282815247
6.815304661251284,6.438557294970675,4.160378881921043
6.815674014278458,6.4394667254581,4.160923479724191
6.816043359937722,6.4403761500038765,4.161468076224405
6.816412698233212,6.44128556861086,4.1620126714213965
6.816782029169069,6.442194981281912,4.16255726531488
6.817151352749435,6.4431043880199,4.163101857904567
6.817520668978457,6.444013788827693,4.16364644919017
6.8178899778602835,6.444923183708168,4.164191039171402
6.8182592793990695,6.445832572664204,4.164735627847974
6.8186285735989705,6.446741955698687,4.165280215219597
6.818997860464147,6.447651332814504,4.165824801285982
6.819367139998762,6.448560704014551,4.16636938604684
6.819736412206981,6.449470069301726,4.1669139695018815
6.820105677092976,6.450379428678932,4.1674585516508165
6.820474934660919,6.451288782149078,4.168003132493355
6.8208441849149875,6.452198129715075,4.1685477120292065
6.8212134278593615,6.453107471379842,4.16909229025808
6.821582663498225,6.4540168071463,4.169636867179685
6.821951891835764,6.4549261370173765,4.17018144279373
6.82232111287617,6.455835460996004,4.170726017099924
6.822690326623638,6.456744779085117,4.171270590097976
6.823059533082364,6.457654091287658,4.171815161787592
6.8234287322565494,6.458563397606572,4.172359732168481
6.823797924150399,6.459472698044811,4.17290430124035
6.82416710876812,6.46038199260533,4.1734488690029075
6.824536286113925,6.46129128129109,4.17399343545586
6.824905456192028,6.462200564105055,4.174538000598915
6.825274619006649,6.463109841050197,4.1750825644317775
6.825643774562009,6.464019112129489,4.175627126954156
6.826012922862333,6.464928377345912,4.1761716881657565
6.8263820639118515,6.465837636702451,4.176716248066285
6.826751197714797,6.466746890202096,4.177260806655447
6.8271203242754055,6.4676561378478405,4.177805363932949
6.827489443597917,6.468565379642685,4.178349919898496
6.827858555686576,6.469474615589633,4.178894474551794
6.828227660545629,6.470383845691696,4.179439027892549
6.8285967581793265,6.471293069951887,4.179983579920465
6.828965848591924,6.472202288373226,4.180528130635249
6.829334931787679,6.473111500958738,4.181072680036605
6.829704007770854,6.474020707711452,4.181617228124238
6.830073076545713,6.474929908634404,4.182161774897852
6.830442138116528,6.475839103730632,4.182706320357153
6.83081119248757,6.476748293003182,4.1832508645018445
6.831180239663116,6.4776574764551045,4.1837954073316315
6.831549279647447,6.4785666540894535,4.184339948846219
6.831918312444848,6.47947582590929,4.18488448904531
6.832287338059604,6.4803849919176795,4.185429027928611
6.8326563564960106,6.481294152117693,4.185973565495824
6.833025367758361,6.482203306512406,4.186518101746655
6.833394371850955,6.483112455104899,4.187062636680807
6.833763368778096,6.484021597898259,4.1876071702979845
6.834132358544092,6.4849307348955785,4.188151702597892
6.834501341153253,6.485839866099954,4.188696233580234
6.834870316609894,6.486748991514487,4.1892407632447135
6.835239284918335,6.487658111142285,4.189785291591035
6.835608246082897,6.488567224986463,4.190329818618904
6.835977200107907,6.4894763330501375,4.190874344328024
6.8363461469976965,6.4903854353364325,4.191418868718098
6.836715086756599,6.491294531848478,4.191963391788832
6.837084019388954,6.492203622589408,4.19250791353993
6.837452944899105,6.493112707562363,4.193052433971096
6.837821863291396,6.494021786770489,4.193596953082035
6.838190774570179,6.494930860216935,4.1941414708724505
6.838559678739808,6.49583992790486,4.194685987342048
6.838928575804644,6.4967489898374255,4.195230502490532
6.839297465769048,6.4976580460178,4.195775016317609
6.8396663486373885,6.498567096449156,4.196319528822982
6.840035224414035,6.499476141134672,4.196864040006357
6.8404040931033645,6.500385180077535,4.19740854986744
6.840772954709755,6.501294213280934,4.197953058405935
6.841141809237591,6.502203240748066,4.198497565621549
6.841510656691261,6.503112262482132,4.199042071513988
6.841879497075157,6.5040212784863405,4.1995865760829565
6.842248330393675,6.504930288763905,4.200131079328162
6.842617156651216,6.505839293318045,4.20067558124931
6.842985975852185,6.506748292151986,4.201220081846109
6.843354788000993,6.50765728526896,4.2017645811182645
6.843723593102053,6.508566272672202,4.2023090790654845
6.844092391159783,6.509475254364958,4.202853575687476
6.844461182178605,6.510384230350475,4.203398070983946
6.844829966162949,6.511293200632009,4.203942564954604
6.845198743117243,6.5122021652128215,4.204487057599157
6.845567513045927,6.51311112409618,4.205031548917315
6.845936275953439,6.514020077285358,4.205576038908786
6.846305031844225,6.514929024783635,4.2061205275732805
6.846673780722735,6.515837966594297,4.206665014910507
6.847042522593425,6.516746902720637,4.207209500920175
6.8474112574607515,6.5176558331659535,4.207753985601997
6.847779985329181,6.51856475793355,4.208298468955682
6.8481487062031805,6.519473677026739,4.208842950980943
6.848517420087224,6.520382590448838,4.20938743167749
6.848886126985789,6.52129149820317,4.209931911045036
6.84925482690336,6.522200400293067,4.2104763890832935
6.849623519844424,6.523109296721866,4.211020865791975
6.849992205813473,6.524018187492909,4.211565341170795
6.8503608848150055,6.5249270726095485,4.212109815219467
6.850729556853524,6.52583595207514,4.212654287937705
6.851098221933536,6.526744825893049,4.213198759325225
6.851466880059554,6.527653694066644,4.213743229381743
6.851835531236096,6.5285625565993035,4.214287698106975
6.852204175467685,6.529471413494411,4.214832165500637
6.852572812758849,6.530380264755358,4.215376631562446
6.85294144311412,6.531289110385543,4.215921096292122
6.853310066538038,6.532197950388369,4.216465559689381
6.853678683035145,6.5331067847672495,4.2170100217539455
6.854047292609992,6.534015613525604,4.217554482485533
6.854415895267132,6.534924436666858,4.2180989418838655
6.854784491011125,6.535833254194446,4.218643399948664
6.855153079846536,6.536742066111808,4.219187856679651
6.855521661777936,6.537650872422392,4.219732312076548
6.855890236809902,6.5385596731296545,4.22027676613908
6.856258804947015,6.539468468237057,4.220821218866972
6.856627366193863,6.540377257748072,4.221365670259947
6.856995920555039,6.541286041666177,4.221910120317733
6.857364468035142,6.542194819994856,4.222454569040056
6.857733008638776,6.543103592737604,4.222999016426644
6.858101542370553,6.544012359897922,4.223543462477226
6.858470069235088,6.544921121479318,4.224087907191531
6.858838589237005,6.545829877485309,4.22463235056929
6.859207102380932,6.54673862791942,4.225176792610234
6.859575608671503,6.547647372785184,4.225721233314095
6.859944108113359,6.548556112086141,4.226265672680608
6.860312600711146,6.54946484582584,4.226810110709506
6.860681086469519,6.550373574007838,4.227354547400525
6.861049565393136,6.551282296635701,4.227898982753402
6.861418037486663,6.552191013713003,4.228443416767874
6.861786502754772,6.5530997252433245,4.228987849443679
6.862154961202142,6.554008431230257,4.229532280780558
6.8625234128334585,6.5549171316774,4.230076710778251
6.862891857653412,6.555825826588361,4.230621139436501
6.863260295666701,6.556734515966755,4.231165566755051
6.863628726878032,6.557643199816209,4.231709992733645
6.863997151292115,6.558551878140355,4.232254417372029
6.864365568913669,6.559460550942836,4.2327988406699495
6.86473397974742,6.5603692182273035,4.233343262627155
6.8651023837981,6.5612778799974185,4.233887683243395
6.8654707810704485,6.562186536256849,4.234432102518421
6.8658391715692115,6.563095187009274,4.234976520451984
6.866207555299142,6.564003832258382,4.235520937043838
6.866575932265,6.564912472007867,4.236065352293737
6.866944302471555,6.565821106261437,4.236609766201438
6.867312665923578,6.566729735022804,4.237154178766697
6.8676810226258524,6.567638358295693,4.237698589989273
6.868049372583167,6.568546976083836,4.238242999868927
6.868417715800317,6.5694555883909755,4.238787408405419
6.868786052282105,6.5703641952208605,4.239331815598513
6.86915438203334,6.571272796577252,4.239876221447972
6.86952270505884,6.572181392463916,4.240420625953561
6.869891021363427,6.573089982884631,4.240965029115047
6.870259330951932,6.573998567843182,4.241509430932198
6.8706276338291925,6.574907147343362,4.242053831404782
6.87099593000005,6.575815721388973,4.242598230532568
6.8713642194693545,6.576724289983824,4.243142628315328
6.8717325022419615,6.577632853131731,4.243687024752835
6.872100778322731,6.578541410836517,4.244231419844859
6.87246904771653,6.579449963102013,4.2447758135911755
6.8728373104282285,6.580358509932053,4.245320205991557
6.873205566462701,6.581267051330479,4.245864597045778
6.873573815824828,6.582175587301135,4.246408986753614
6.873942058519488,6.58308411784787,4.246953375114837
6.874310294551567,6.583992642974533,4.247497762129223
6.8746785239259465,6.584901162684975,4.248042147796544
6.875046746647512,6.585809676983048,4.248586532116572
6.8754149627211465,6.5867181858725985,4.2491309150890775
6.875783172151728,6.587626689357472,4.249675296713829
6.876151374944131,6.588535187441504,4.250219676990594
6.8765195711032225,6.589443680128523,4.2507640559191335
6.876887760633859,6.590352167422345,4.251308433499207
6.877255943540886,6.591260649326768,4.251852809730568
6.877624119829134,6.592169125845573,4.252397184612965
6.877992289503414,6.593077596982517,4.252941558146139
6.878360452568513,6.593986062741326,4.253485930329823
6.878728609029192,6.594894523125694,4.254030301163741
6.879096758890181,6.595802978139274,4.254574670647607
6.87946490215617,6.596711427785675,4.25511903878112
6.87983303883181,6.597619872068451,4.255663405563968
6.880201168921703,6.598528310991098,4.256207770995823
6.880569292430396,6.599436744557044,4.256752135076336
6.880937409362377,6.6003451727696465,4.257296497805146
6.88130551972207,6.601253595632181,4.257840859181866
6.881673623513829,6.602162013147838,4.258385219206089
6.882041720741933,6.603070425319719,4.258929577877387
6.882409811410583,6.603978832150829,4.259473935195306
6.882777895523903,6.604887233644079,4.260018291159368
6.883145973085934,6.605795629802282,4.260562645769073
6.8835140441006395,6.606704020628155,4.261106999023895
6.883882108571903,6.60761240612432,4.261651350923285
6.884250166503533,6.608520786293312,4.262195701466673
6.884618217899268,6.609429161137576,4.26274005065347
6.884986262762777,6.610337530659482,4.263284398483063
6.885354301097671,6.611245894861327,4.263828744954825
6.885722332907501,6.61215425374534,4.264373090068112
6.886090358195772,6.613062607313694,4.2649174338222675
6.886458376965942,6.61397095556851,4.265461776216621
6.886826389221431,6.614879298511864,4.266006117250492
6.8871943949656265,6.615787636145796,4.266550456923191
6.887562394201884,6.61669596847231,4.267094795234022
6.887930386933539,6.617604295493387,4.267639132182281
6.888298373163905,6.618512617210984,4.268183467767262
6.888666352896277,6.6194209336270395,4.268727801988251
6.889034326133941,6.620329244743482,4.269272134844535
6.889402292880169,6.621237550562229,4.269816466335396
6.889770253138226,6.62214585108519,4.270360796460115
6.8901382069113755,6.62305414631427,4.270905125217974
6.890506154202873,6.623962436251374,4.271449452608253
6.890874095015974,6.624870720898408,4.271993778630233
6.8912420293539345,6.6257790002572765,4.272538103283196
6.891609957220012,6.626687274329891,4.273082426566424
6.891977878617464,6.627595543118166,4.273626748479199
6.892345793549555,6.628503806624023,4.274171069020807
6.89271370201955,6.62941206484939,4.274715388190534
6.893081604030721,6.630320317796203,4.27525970598767
6.893449499586346,6.631228565466406,4.275804022411504
6.893817388689707,6.632136807861954,4.276348337461329
6.894185271344096,6.63304504498481,4.276892651136439
6.894553147552808,6.633953276836945,4.277436963436132
6.894921017319149,6.634861503420345,4.277981274359705
6.8952888806464285,6.635769724737004,4.278525583906462
6.895656737537968,6.636677940788927,4.279069892075706
6.896024587997094,6.637586151578131,4.279614198866744
6.8963924320271435,6.6384943571066435,4.280158504278884
6.89676026963146,6.639402557376504,4.280702808311436
6.897128100813396,6.6403107523897615,4.281247110963715
6.8974959255763135,6.64121894214848,4.281791412235037
6.8978637439235815,6.642127126654733,4.28233571212472
6.89823155585858,6.6430353059106055,4.282880010632084
6.898599361384694,6.643943479918193,4.283424307756453
6.898967160505321,6.644851648679606,4.2839686034971525
6.899334953223866,6.645759812196964,4.28451289785351
6.899702739543741,6.646667970472398,4.285057190824856
6.90007051946837,6.647576123508053,4.285601482410521
6.900438293001183,6.648484271306081,4.286145772609841
6.900806060145619,6.649392413868651,4.286690061422153
6.901173820905129,6.6503005511979385,4.287234348846794
6.901541575283168,6.651208683296132,4.287778634883106
6.901909323283203,6.652116810165433,4.288322919530433
6.9022770649087075,6.6530249318080505,4.2888672027881185
6.902644800163166,6.653933048226208,4.28941148465551
6.90301252905007,6.654841159422139,4.289955765131957
6.903380251572919,6.655749265398087,4.29050004421681
6.903747967735223,6.656657366156306,4.291044321909424
6.9041156775404975,6.657565461699064,4.2915885982091515
6.90448338099227,6.658473552028635,4.29213287311535
6.904851078094073,6.659381637147308,4.292677146627379
6.90521876884945,6.660289717057379,4.293221418744598
6.905586453261953,6.6611977917611584,4.29376568946637
6.905954131335139,6.6621058612609625,4.2943099587920575
6.906321803072576,6.663013925559121,4.294854226721028
6.90668946847784,6.663921984657973,4.295398493252647
6.907057127554514,6.6648300385598676,4.295942758386285
6.90742478030619,6.665738087267163,4.296487022121311
6.907792426736469,6.6666461307822305,4.297031284457098
6.908160066848957,6.667554169107448,4.297575545393021
6.908527700647271,6.668462202245205,4.2981198049284535
6.908895328135035,6.669370230197901,4.298664063062773
6.90926294931588,6.670278252967945,4.299208319795358
6.909630564193447,6.6711862705577545,4.299752575125589
6.909998172771382,6.672094282969757,4.300296829052845
6.910365775053342,6.673002290206392,4.30084108157651
6.910733371042989,6.673910292270104,4.3013853326959675
6.911100960743994,6.674818289163351,4.301929582410603
6.911468544160035,6.675726280888599,4.302473830719803
6.9118361212948,6.676634267448321,4.303018077622956
6.912203692151982,6.677542248845004,4.30356232311945
6.912571256735282,6.678450225081139,4.3041065672086765
6.912938815048409,6.679358196159231,4.304650809890027
6.91330636709508,6.680266162081789,4.305195051162894
6.913673912879019,6.681174122851336,4.305739291026671
6.914041452403957,6.682082078470399,4.306283529480755
6.914408985673634,6.682990028941519,4.306827766524541
6.914776512691796,6.68389797426724,4.307372002157427
6.915144033462196,6.68480591445012,4.307916236378812
6.915511547988596,6.685713849492723,4.308460469188096
6.915879056274764,6.686621779397622,4.309004700584679
6.916246558324475,6.687529704167399,4.309548930567963
6.916614054141512,6.688437623804644,4.310093159137351
6.916981543729666,6.689345538311955,4.310637386292246
6.917349027092732,6.690253447691941,4.311181612032055
6.917716504234516,6.691161351947215,4.311725836356182
6.918083975158828,6.6920692510804,4.3122700592640335
6.918451439869485,6.6929771450941296,4.312814280755019
6.918818898370313,6.693885033991043,4.313358500828545
6.919186350665144,6.694792917773786,4.313902719484021
6.919553796757816,6.695700796445016,4.314446936720859
6.919921236652174,6.696608670007396,4.314991152538469
6.920288670352069,6.697516538463595,4.315535366936262
6.92065609786136,6.698424401816292,4.316079579913652
6.921023519183911,6.699332260068174,4.316623791470052
6.9213909343235915,6.700240113221932,4.317168001604875
6.921758343284279,6.701147961280267,4.317712210317537
6.922125746069855,6.702055804245883,4.318256417607452
6.922493142684208,6.702963642121495,4.3188006234740355
6.922860533131231,6.703871474909822,4.319344827916705
6.923227917414822,6.704779302613589,4.319889030934877
6.9235952955388855,6.705687125235525,4.320433232527967
6.923962667507329,6.706594942778368,4.320977432695394
6.924330033324064,6.7075027552448585,4.321521631436576
6.924697392993005,6.708410562637741,4.322065828750929
6.925064746518072,6.709318364959763,4.3226100246378705
6.9254320939031855,6.7102261622136785,4.323154219096819
6.9257994351522685,6.711133954402238,4.323698412127191
6.926166770269244,6.712041741528199,4.324242603728405
6.9265340992580375,6.7129495235943155,4.324786793899875
6.926901422122572,6.713857300603342,4.325330982641018
6.92726873886677,6.714765072558032,4.325875169951248
6.927636049494551,6.715672839461136,4.3264193558299775
6.92800335400983,6.716580601315397,4.32696354027662
6.928370652416517,6.717488358123557,4.3275077232905845
6.928737944718518,6.718396109888347,4.3280519048712796
6.929105230919728,6.719303856612491,4.328596085018112
6.929472511024036,6.720211598298706,4.329140263730484
6.929839785035323,6.721119334949693,4.3296844410077995
6.930207052957458,6.722027066568145,4.330228616849455
6.9305743147943,6.722934793156743,4.330772791254847
6.930941570549698,6.723842514718155,4.331316964223369
6.931308820227491,6.724750231255035,4.331861135754411
6.931676063831508,6.725657942770027,4.332405305847361
6.932043301365568,6.726565649265765,4.332949474501604
6.932410532833483,6.727473350744869,4.333493641716523
6.932777758239057,6.728381047209955,4.334037807491498
6.933144977586089,6.729288738663627,4.334581971825908
6.933512190878371,6.730196425108484,4.33512613471913
6.933879398119696,6.731104106547121,4.335670296170539
6.934246599313849,6.732011782982129,4.336214456179511
6.934613794464619,6.7329194544160975,4.336758614745418
6.934980983575794,6.733827120851615,4.337302771867632
6.935348166651161,6.734734782291268,4.3378469275455265
6.935715343694511,6.7356424387376475,4.3383910817784725
6.936082514709638,6.7365500901933455,4.338935234565842
6.93644967970034,6.737457736660958,4.339479385907006
6.936816838670419,6.738365378143083,4.340023535801336
6.937183991623681,6.739273014642325,4.340567684248205
6.93755113856394,6.740180646161293,4.341111831246983
6.937918279495014,6.741088272702601,4.3416559767970435
6.938285414420727,6.741995894268872,4.3422001208977585
6.9386525433449115,6.742903510862731,4.342744263548502
6.939019666271407,6.743811122486814,4.343288404748647
6.93938678320406,6.744718729143761,4.34383254449757
6.939753894146723,6.745626330836224,4.344376682794644
6.94012099910326,6.746533927566857,4.344920819639246
6.940488098077538,6.747441519338327,4.345464955030753
6.940855191073437,6.748349106153307,4.3460090889685405
6.941222278094843,6.749256688014476,4.3465532214519875
6.941589359145651,6.750164264924527,4.347097352480473
6.9419564342297635,6.751071836886156,4.347641482053377
6.942323503351095,6.751979403902072,4.34818561017008
6.942690566513566,6.75288696597499,4.348729736829963
6.9430576237211055,6.7537945231076355,4.349273862032408
6.943424674977654,6.754702075302742,4.3498179857768
6.94379172028716,6.755609622563053,4.350362108062521
6.944158759653581,6.756517164891322,4.350906228888958
6.944525793080884,6.757424702290309,4.3514503482554945
6.944892820573046,6.758332234762786,4.3519944661615195
6.945259842134053,6.759239762311534,4.352538582606421
6.945626857767901,6.760147284939342,4.353082697589587
6.945993867478595,6.761054802649011,4.353626811110407
6.946360871270151,6.761962315443348,4.354170923168272
6.946727869146592,6.7628698233251745,4.354715033762575
6.947094861111954,6.763777326297317,4.355259142892708
6.947461847170282,6.764684824362616,4.355803250558064
6.94782882732563,6.765592317523919,4.3563473567580395
6.948195801582063,6.7664998057840835,4.3568914614920295
6.948562769943656,6.767407289145979,4.357435564759431
6.948929732414494,6.768314767612483,4.357979666559642
6.949296688998673,6.769222241186484,4.358523766892063
6.949663639700297,6.770129709870881,4.359067865756091
6.950030584523484,6.771037173668582,4.3596119631511305
6.950397523472359,6.771944632582507,4.360156059076582
6.9507644565510605,6.7728520866155835,4.360700153531849
6.951131383763735,6.773759535770752,4.361244246516337
6.951498305114541,6.774666980050963,4.361788338029451
6.9518652206076474,6.775574419459176,4.362332428070598
6.952232130247234,6.776481853998361,4.362876516639186
6.952599034037491,6.777389283671501,4.363420603734624
6.952965931982622,6.778296708481587,4.3639646893563215
6.953332824086837,6.779204128431622,4.364508773503691
6.9536997103543605,6.780111543524619,4.3650528561761455
6.954066590789427,6.781018953763602,4.365596937373097
6.954433465396283,6.781926359151606,4.3661410170939625
6.954800334179184,6.782833759691677,4.366685095338157
6.9551671971424005,6.783741155386871,4.367229172105099
6.955534054290211,6.784648546240256,4.367773247394207
6.955900905626906,6.785555932254911,4.368317321204901
6.956267751156788,6.7864633134339245,4.368861393536602
6.956634590884172,6.787370689780398,4.369405464388733
6.9570014248133845,6.788278061297444,4.3699495337607175
6.957368252948762,6.789185427988183,4.37049360165198
6.9577350752946545,6.790092789855753,4.371037668061948
6.9581018918554225,6.791000146903297,4.37158173299005
6.9584687026354395,6.791907499133973,4.372125796435713
6.95883550763909,6.79281484655095,4.37266985839837
6.959202306870773,6.793722189157408,4.373213918877451
6.959569100334895,6.7946295269565375,4.3737579778723905
6.959935888035879,6.795536859951543,4.374302035382623
6.960302669978159,6.796444188145639,4.374846091407584
6.96066944616618,6.797351511542051,4.375390145946713
6.9610362166044,6.798258830144019,4.375934198999447
6.961402981297291,6.799166143954793,4.376478250565228
6.961769740249336,6.800073452977633,4.377022300643496
6.962136493465031,6.800980757215816,4.377566349233697
6.962503240948884,6.8018880566726265,4.378110396335274
6.962869982705417,6.802795351351363,4.378654441947675
6.963236718739164,6.8037026412553345,4.379198486070347
6.963603449054673,6.804609926387864,4.379742528702741
6.963970173656504,6.805517206752287,4.380286569844308
6.964336892549229,6.806424482351949,4.3808306094945
6.9647036057374345,6.80733175319021,4.3813746476527715
6.96507031322572,6.808239019270442,4.38191868431858
6.965437015018699,6.8091462805960274,4.382462719491382
6.965803711120996,6.810053537170364,4.383006753170639
6.966170401537251,6.81096078899686,4.383550785355809
6.966537086272118,6.8118680360789385,4.384094816046358
6.966903765330262,6.812775278420032,4.384638845241748
6.967270438716363,6.813682516023589,4.3851828729414475
6.967637106435115,6.814589748893069,4.385726899144924
6.968003768491225,6.815496977031946,4.386270923851647
6.9683704248894145,6.816404200443704,4.386814947061089
6.968737075634419,6.817311419131842,4.387358968772723
6.9691037207309865,6.818218633099873,4.387902988986025
6.969470360183881,6.81912584235132,4.388447007700472
6.9698369939978795,6.820033046889722,4.388991024915542
6.970203622177774,6.82094024671863,4.389535040630719
6.9705702447283695,6.821847441841608,4.390079054845484
6.9709368616544864,6.822754632262234,4.390623067559323
6.971303472960958,6.8236618179840995,4.391167078771724
6.971670078652635,6.8245689990108085,4.3917110884821735
6.97203667873438,6.82547617534598,4.392255096690165
6.972403273211071,6.826383346993244,4.39279910339519
6.9727698620876,6.827290513956246,4.393343108596746
6.973136445368875,6.828197676238646,4.393887112294328
6.973503023059819,6.829104833844115,4.394431114487436
6.973869595165368,6.83001198677634,4.394975115175574
6.9742361616904756,6.83091913503902,4.395519114358243
6.974602722640108,6.831826278635869,4.39606311203495
6.974969278019247,6.832733417570617,4.396607108205203
6.975335827832891,6.833640551847004,4.397151102868514
6.975702372086053,6.834547681468785,4.397695096024394
6.976068910783758,6.835454806439731,4.39823908767236
6.976435443931052,6.836361926763625,4.398783077811928
6.976801971532994,6.837269042444265,4.399327066442619
6.977168493594656,6.838176153485463,4.399871053563953
6.9775350101211275,6.839083259891046,4.400415039175457
6.977901521117515,6.839990361664854,4.400959023276657
6.978268026588938,6.840897458810741,4.401503005867083
6.978634526540533,6.841804551332578,4.4020469869462655
6.979001020977453,6.8427116392342455,4.40259096651374
6.979367509904864,6.843618722519643,4.403134944569044
6.97973399332795,6.844525801192683,4.403678921111716
6.980100471251911,6.8454328752572895,4.404222896141299
6.98046694368196,6.846339944717404,4.404766869657337
6.980833410623329,6.847247009576981,4.405310841659378
6.981199872081263,6.848154069839991,4.405854812146972
6.981566328061025,6.849061125510415,4.4063987811196705
6.981932778567893,6.8499681765922515,4.40694274857703
6.98229922360716,6.8508752230895125,4.4074867145186065
6.982665663184134,6.851782265006222,4.4080306789439625
6.98303209730414,6.8526893023464215,4.408574641852661
6.983398525972519,6.8535963351141636,4.409118603244266
6.983764949194625,6.854503363313515,4.409662563118349
6.984131366975829,6.855410386948556,4.41020652147448
6.984497779321516,6.856317406023382,4.4107504783122335
6.984864186237087,6.857224420542099,4.411294433631186
6.985230587727957,6.858131430508828,4.411838387430917
6.985596983799553,6.859038435927701,4.412382339711009
6.98596337445732,6.859945436802863,4.412926290471046
6.986329759706715,6.860852433138471,4.413470239710616
6.986696139553206,6.861759424938695,4.414014187429308
6.987062514002276,6.862666412207712,4.414558133626716
6.98742888305942,6.8635733949497135,4.415102078302434
6.987795246730143,6.864480373168899,4.415646021456058
6.988161605019962,6.8653873468694755,4.416189963087188
6.988527957934402,6.866294316055661,4.416733903195425
6.988894305479,6.8672012807316785,4.417277841780373
6.989260647659295,6.8681082409017575,4.4178217788416365
6.989626984480837,6.869015196570134,4.418365714378822
6.989993315949178,6.869922147741043,4.418909648391539
6.9903596420698735,6.870829094418727,4.419453580879395
6.99072596284848,6.871736036607423,4.419997511842
6.991092278290553,6.872642974311369,4.420541441278965
6.991458588401643,6.873549907534798,4.421085369189901
6.991824893187293,6.874456836281934,4.421629295574417
6.992191192653039,6.875363760556992,4.422173220432122
6.992557486804401,6.876270680364173,4.422717143762625
6.99292377564688,6.877177595707662,4.423261065565532
6.993290059185959,6.878084506591623,4.4238049858404445
6.993656337427091,6.878991413020193,4.424348904586963
6.994022610375699,6.87989831499748,4.424892821804683
6.9943888780371655,6.880805212527559,4.425436737493195
6.994755140416833,6.881712105614461,4.425980651652083
6.995121397519994,6.882618994262175,4.426524564280926
6.995487649351885,6.883525878474638,4.427068475379292
6.995853895917681,6.884432758255731,4.427612384946742
6.9962201372224895,6.885339633609276,4.428156292982828
6.996586373271346,6.886246504539027,4.428700199487091
6.996952604069209,6.8871533710486705,4.429244104459061
6.997318829620957,6.888060233141819,4.429788007898255
6.997685049931382,6.888967090822013,4.43033190980418
6.998051265005195,6.889873944092716,4.430875810176331
6.998417474847018,6.890780792957316,4.43141970901419
6.99878367946139,6.891687637419129,4.431963606317226
6.999149878852768,6.892594477481397,4.432507502084901
6.999516073025533,6.893501313147296,4.433051396316662
6.999882261983988,6.894408144419936,4.433595289011947
7.000248445732368,6.895314971302369,4.434139180170187
7.000614624274847,6.896221793797593,4.434683069790803
7.000980797615537,6.897128611908556,4.43522695787321
7.001346965758505,6.898035425638166,4.435770844416816
7.001713128707767,6.89894223498929,4.436314729421024
7.0020792864673025,6.899849039964765,4.436858612885234
7.0024454390410575,6.900755840567401,4.4374024948088415
7.00281158643295,6.901662636799983,4.43794637519124
7.003177728646873,6.902569428665283,4.438490254031821
7.003543865686702,6.903476216166053,4.439034131329977
7.003909997556302,6.904382999305039,4.439578007085097
7.004276124259521,6.905289778084979,4.440121881296574
7.004642245800205,6.906196552508609,4.440665753963798
7.005008362182195,6.907103322578661,4.441209625086164
7.005374473409331,6.9080100882978694,4.4417534946630655
7.005740579485456,6.908916849668974,4.4422973626939
7.006106680414417,6.909823606694718,4.442841229178066
7.006472776200067,6.910730359377853,4.443385094114967
7.006838866846269,6.911637107721139,4.4439289575040055
7.007204952356892,6.912543851727348,4.4444728193445915
7.007571032735822,6.913450591399261,4.445016679636134
7.007937107986954,6.914357326739674,4.445560538378048
7.0083031781142,6.915264057751397,4.446104395569752
7.008669243121486,6.916170784437253,4.446648251210668
7.009035303012756,6.917077506800082,4.44719210530022
7.009401357791972,6.917984224842739,4.447735957837838
7.009767407463112,6.918890938568098,4.448279808822955
7.010133452030178,6.919797647979051,4.448823658255008
7.010499491497189,6.920704353078507,4.449367506133439
7.010865525868186,6.921611053869395,4.4499113524576925
7.011231555147233,6.922517750354664,4.450455197227219
7.011597579338415,6.923424442537283,4.450999040441473
7.011963598445842,6.924331130420242,4.451542882099912
7.012329612473648,6.925237814006553,4.452086722201999
7.0126956214259915,6.9261444932992475,4.452630560747201
7.0130616253070555,6.927051168301382,4.453174397734989
7.013427624121051,6.927957839016035,4.453718233164839
7.013793617872214,6.928864505446305,4.454262067036231
7.014159606564807,6.9297711675953195,4.45480589934865
7.014525590203122,6.930677825466227,4.455349730101587
7.014891568791478,6.931584479062201,4.455893559294536
7.015257542334226,6.932491128386441,4.456437386926994
7.015623510835742,6.93339777344217,4.456981212998465
7.0159894743004365,6.934304414232638,4.457525037508458
7.016355432732747,6.935211050761123,4.4580688604564855
7.016721386137145,6.936117683030927,4.458612681842065
7.017087334518132,6.937024311045382,4.45915650166472
7.017453277880246,6.937930934807846,4.459700319923977
7.017819216228052,6.938837554321705,4.460244136619369
7.018185149566153,6.939744169590376,4.460787951750433
7.018551077899186,6.940650780617301,4.461331765316712
7.018917001231823,6.941557387405957,4.461875577317752
7.019282919568769,6.942463989959847,4.462419387753107
7.019648832914769,6.943370588282507,4.462963196622334
7.020014741274602,6.944277182377504,4.463507003924996
7.020380644653087,6.945183772248435,4.464050809660662
7.020746543055079,6.946090357898932,4.464594613828906
7.021112436485473,6.946996939332657,4.465138416429306
7.021478324949204,6.94790351655331,4.465682217461447
7.021844208451245,6.948810089564618,4.46622601692492
7.022210086996614,6.949716658370349,4.466769814819319
7.022575960590366,6.950623222974302,4.467313611144247
7.0229418292376025,6.951529783380314,4.467857405899311
7.023307692943464,6.952436339592257,4.468401199084124
7.023673551713139,6.95334289161404,4.468944990698306
7.024039405551856,6.954249439449609,4.469488780741481
7.024405254464893,6.955155983102951,4.470032569213282
7.024771098457571,6.956062522578087,4.470576356113345
7.02513693753526,6.956969057879081,4.4711201414413155
7.0255027717033744,6.957875589010035,4.471663925196843
7.025868600967379,6.958782115975093,4.472207707379585
7.026234425332787,6.959688638778439,4.472751487989206
7.026600244805161,6.960595157424298,4.473295267025376
7.026966059390115,6.96150167191694,4.4738390444877725
7.027331869093311,6.962408182260676,4.47438282037608
7.027697673920467,6.96331468845986,4.4749265946899905
7.02806347387735,6.964221190518893,4.475470367429203
7.028429268969782,6.965127688442219,4.476014138593424
7.028795059203637,6.966034182234326,4.476557908182367
7.029160844584846,6.96694067189975,4.477101676195755
7.029526625119391,6.967847157443074,4.4776454426333165
7.029892400813313,6.9687536388689235,4.47818920749479
7.030258171672706,6.969660116181976,4.47873297077992
7.030623937703723,6.970566589386955,4.479276732488462
7.03098969891257,6.97147305848863,4.479820492620178
7.031355455305513,6.972379523491822,4.480364251174838
7.031721206888872,6.9732859844013975,4.480908008152222
7.032086953669026,6.9741924412222716,4.48145176355212
7.032452695652409,6.975098893959409,4.481995517374329
7.032818432845511,6.97600534261782,4.482539269618655
7.033184165254879,6.976911787202564,4.483083020284915
7.033549892887113,6.977818227718746,4.483626769372934
7.033915615748867,6.978724664171518,4.484170516882548
7.034281333846847,6.979631096566076,4.4847142628136005
7.034647047187809,6.98053752490766,4.485258007165945
7.035012755778556,6.98144394920155,4.485801749939447
7.035378459625938,6.982350369453065,4.48634549113398
7.035744158736844,6.983256785667561,4.486889230749426
7.036109853118203,6.984163197850427,4.48743296878568
7.036475542776974,6.98506960600708,4.487976705242644
7.036841227720141,6.98597601014296,4.4885204401202285
7.037206907954712,6.986882410263526,4.489064173418357
7.037572583487699,6.987788806374247,4.489607905136959
7.03793825432612,6.988695198480594,4.490151635275971
7.03830392047698,6.989601586588032,4.490695363835341
7.03866958194726,6.990507970702007,4.4912390908150215
7.0390352387438995,6.991414350827934,4.491782816214972
7.039400890873782,6.99232072697118,4.492326540035157
7.03976653834371,6.993227099137047,4.492870262275545
7.040132181160382,6.994133467330753,4.493413982936106
7.040497819330363,6.995039831557406,4.493957702016811
7.040863452860057,6.995946191821979,4.494501419517628
7.041229081755668,6.9968525481292785,4.495045135438523
7.041594706023162,6.9977589004839125,4.495588849779451
7.04196032566822,6.998665248890252,4.4961325625403585
7.0423259406961956,6.999571593352392,4.496676273721176
7.042691551112059,7.000477933874103,4.497219983321816
7.043057156920346,7.001384270458795,4.4977636913421675
7.043422758125105,7.00229060310946,4.498307397782089
7.04378835472984,7.003196931828634,4.498851102641407
7.0441539467374605,7.0041032566183485,4.49939480591991
7.044519534150236,7.005009577480093,4.499938507617343
7.044885116969759,7.005915894414781,4.500482207733403
7.045250695196912,7.006822207422722,4.501025906267737
7.045616268831854,7.00772851650361,4.501569603219935
7.045981837874017,7.008634821656515,4.502113298589536
7.046347402322107,7.009541122879893,4.502656992376017
7.046712962174135,7.0104474201716025,4.503200684578801
7.047078517427444,7.011353713528926,4.5037443751972575
7.047444068078748,7.012260002948611,4.504288064230699
7.047809614124182,7.013166288426905,4.504831751678389
7.048175155559355,7.014072569959601,4.505375437539546
7.048540692379404,7.014978847542086,4.505919121813341
7.048906224579043,7.015885121169379,4.50646280449891
7.049271752152622,7.016791390836185,4.50700648559535
7.049637275094171,7.017697656536929,4.507550165101727
7.050002793397451,7.0186039182658,4.508093843017079
7.050368307055993,7.0195101760167855,4.508637519340419
7.050733816063138,7.0204164297837055,4.509181194070737
7.05109932041207,7.0213226795602415,4.509724867207007
7.051464820095848,7.0222289253399595,4.510268538748183
7.051830315107432,7.0231351671163385,4.510812208693206
7.052195805439706,7.024041404882785,4.511355877041008
7.052561291085498,7.024947638632654,4.511899543790506
7.0529267720375985,7.025853868359265,4.51244320894061
7.053292248288777,7.026760094055911,4.512986872490225
7.053657719831793,7.027666315715873,4.513530534438247
7.054023186659407,7.028572533332429,4.514074194783569
7.054388648764392,7.029478746898864,4.5146178535250785
7.054754106139541,7.030384956408471,4.515161510661661
7.055119558777672,7.031291161854567,4.515705166192201
7.055485006671637,7.0321973632304875,4.516248820115577
7.055850449814324,7.0331035605296,4.516792472430669
7.056215888198665,7.034009753745302,4.517336123136357
7.056581321817635,7.034915942871025,4.5178797722315185
7.056946750664258,7.035822127900237,4.518423419715031
7.0573121747316065,7.036728308826446,4.518967065585773
7.057677594012806,7.037634485643202,4.519510709842623
7.058043008501036,7.038540658344095,4.520054352484461
7.05840841818953,7.0394468269227595,4.520597993510166
7.0587738230715775,7.040352991372873,4.52114163291862
7.059139223140524,7.041259151688159,4.521685270708704
7.059504618389771,7.042165307862384,4.5222289068793025
7.059870008812776,7.043071459889362,4.5227725414292985
7.0602353944030565,7.043977607762949,4.5233161743575785
7.060600775154183,7.044883751477051,4.5238598056630295
7.060966151059783,7.045789891025614,4.5244034353445395
7.061331522113543,7.046696026402633,4.524947063400997
7.061696888309202,7.047602157602144,4.525490689831295
7.062062249640555,7.048508284618231,4.526034314634324
7.062427606101455,7.04941440744502,4.5265779378089785
7.062792957685804,7.050320526076678,4.527121559354153
7.063158304387563,7.051226640507419,4.527665179268745
7.06352364620074,7.052132750731497,4.52820879755165
7.0638889831194005,7.053038856743207,4.528752414201767
7.064254315137658,7.053944958536888,4.5292960292179965
7.06461964224968,7.054851056106916,4.529839642599239
7.064984964449679,7.05575714944771,4.530383254344395
7.065350281731922,7.0566632385537265,4.530926864452368
7.0657155940907215,7.05756932341946,4.531470472922063
7.066080901520438,7.058475404039445,4.532014079752383
7.066446204015479,7.059381480408251,4.532557684942232
7.066811501570299,7.060287552520485,4.533101288490519
7.067176794179394,7.061193620370791,4.533644890396148
7.067542081837309,7.062099683953845,4.5341884906580265
7.06790736453863,7.06300574326436,4.534732089275063
7.068272642277987,7.063911798297083,4.535275686246164
7.068637915050049,7.0648178490467926,4.535819281570239
7.06900318284953,7.0657238955083015,4.536362875246196
7.069368445671182,7.066629937676453,4.536906467272943
7.0697337035097965,7.067535975546121,4.537450057649389
7.070098956360204,7.06844200911221,4.537993646374442
7.070464204217274,7.069348038369654,4.538537233447011
7.07082944707591,7.070254063313418,4.539080818866003
7.071194684931056,7.0711600839384925,4.539624402630326
7.071559917777688,7.072066100239898,4.540167984738888
7.071925145610819,7.072972112212679,4.540711565190595
7.072290368425493,7.07387811985191,4.541255143984353
7.072655586216792,7.07478412315269,4.5417987211190685
7.073020798979825,7.075690122110141,4.542342296593645
7.073386006709736,7.076596116719411,4.542885870406987
7.073751209401698,7.077502106975673,4.543429442557997
7.074116407050917,7.0784080928741195,4.5439730130455755
7.074481599652624,7.079314074409969,4.544516581868623
7.074846787202083,7.0802200515784595,4.54506014902604
7.075211969694583,7.081126024374852,4.545603714516722
7.075577147125441,7.082031992794427,4.546147278339567
7.075942319489999,7.082937956832485,4.546690840493468
7.0763074867836275,7.083843916484344,4.547234400977317
7.076672649001719,7.084749871745345,4.547777959790006
7.077037806139692,7.0856558226108435,4.5483215169304225
7.0774029581929865,7.086561769076213,4.5488650723974535
7.077768105157067,7.087467711136845,4.549408626189984
7.078133247027417,7.088373648788145,4.549952178306895
7.078498383799545,7.0892795820255365,4.550495728747066
7.078863515468975,7.0901855108444565,4.551039277509374
7.0792286420312545,7.091091435240356,4.5515828245926935
7.079593763481947,7.091997355208702,4.552126369995895
7.079958879816635,7.09290327074497,4.552669913717847
7.080323991030918,7.093809181844652,4.553213455757415
7.08068909712041,7.094715088503249,4.553756996113462
7.081054198080742,7.0956209907162755,4.554300534784845
7.081419293907559,7.096526888479255,4.554844071770421
7.08178438459652,7.097432781787721,4.55538760706904
7.082149470143293,7.098338670637216,4.55593114067955
7.082514550543563,7.09924455502329,4.556474672600795
7.082879625793021,7.1001504349415026,4.557018202831616
7.083244695887369,7.101056310387418,4.557561731370846
7.083609760822316,7.101962181356609,4.558105258217319
7.083974820593581,7.102868047844653,4.55864878336986
7.0843398751968865,7.103773909847131,4.559192306827292
7.084704924627959,7.104679767359631,4.559735828588432
7.085069968882531,7.105585620377742,4.560279348652093
7.085435007956335,7.106491468897055,4.560822867017082
7.085800041845102,7.107397312913164,4.561366383682201
7.086165070544566,7.108303152421664,4.561909898646247
7.086530094050455,7.10920898741815,4.562453411908011
7.086895112358493,7.110114817898215,4.5629969234662795
7.0872601254643985,7.111020643857453,4.563540433319831
7.08762513336388,7.111926465291453,4.56408394146744
7.087990136052636,7.112832282195802,4.564627447907874
7.0883551335263535,7.1137380945660835,4.565170952639895
7.0887201257807035,7.114643902397876,4.565714455662258
7.0890851128113415,7.115549705686752,4.566257956973711
7.089450094613904,7.11645550442828,4.566801456572997
7.089815071184005,7.117361298618019,4.567344954458852
7.090180042517239,7.118267088251525,4.567888450630005
7.090545008609173,7.1191728733243425,4.5684319450851785
7.090909969455348,7.120078653832012,4.568975437823088
7.091274925051279,7.120984429770065,4.5695189288424425
7.0916398753924526,7.1218902011340255,4.570062418141944
7.092004820474325,7.122795967919412,4.570605905720289
7.092369760292325,7.123701730121736,4.5711493915761645
7.09273469484185,7.124607487736502,4.571692875708255
7.093099624118272,7.125513240759211,4.5722363581152345
7.093464548116935,7.1264189891853595,4.572779838795773
7.093829466833156,7.127324733010439,4.573323317748532
7.09419438026223,7.12823047222994,4.573866794972167
7.094559288399428,7.129136206839351,4.574410270465328
7.094924191240004,7.130041936834161,4.574953744226657
7.095289088779192,7.1309476622098575,4.57549721625479
7.0956539810122115,7.131853382961932,4.576040686548355
7.096018867934268,7.132759099085875,4.576584155105975
7.096383749540557,7.133664810577181,4.577127621926264
7.0967486258262635,7.1345705174313485,4.577671087007832
7.097113496786565,7.135476219643879,4.578214550349277
7.097478362416634,7.136381917210277,4.578758011949194
7.097843222711638,7.137287610126052,4.5793014718061675
7.0982080776667384,7.138193298386717,4.579844929918775
7.0985729272770985,7.139098981987794,4.5803883862855885
7.098937771537878,7.140004660924805,4.580931840905167
7.099302610444236,7.140910335193278,4.581475293776066
7.099667443991332,7.1418160047887485,4.582018744896829
7.1000322721743245,7.142721669706754,4.582562194265994
7.100397094988374,7.143627329942838,4.583105641882087
7.1007619124286405,7.14453298549255,4.583649087743626
7.101126724490287,7.145438636351442,4.584192531849121
7.1014915311684765,7.146344282515074,4.584735974197071
7.101856332458373,7.147249923979007,4.5852794147859655
7.102221128355142,7.148155560738808,4.585822853614284
7.102585918853951,7.14906119279005,4.586366290680497
7.102950703949967,7.149966820128309,4.586909725983063
7.103315483638358,7.150872442749165,4.587453159520431
7.103680257914295,7.151778060648202,4.587996591291038
7.104045026772947,7.15268367382101,4.588540021293311
7.104409790209483,7.153589282263181,4.589083449525667
7.1047745482190745,7.154494885970311,4.589626875986508
7.105139300796891,7.155400484938001,4.590170300674227
7.1055040479381,7.156306079161856,4.590713723587205
7.105868789637872,7.157211668637482,4.5912571447238095
7.106233525891371,7.158117253360491,4.591800564082395
7.106598256693765,7.159022833326498,4.592343981661306
7.1069629820402165,7.159928408531121,4.59288739745887
7.107327701925888,7.160833978969982,4.593430811473406
7.107692416345937,7.1617395446387055,4.593974223703216
7.108057125295522,7.1626451055329206,4.594517634146589
7.108421828769795,7.163550661648259,4.595061042801801
7.108786526763905,7.164456212980355,4.595604449667111
7.109151219272999,7.165361759524846,4.596147854740767
7.109515906292218,7.166267301277377,4.596691258020999
7.109880587816701,7.16717283823359,4.597234659506023
7.110245263841579,7.168078370389134,4.59777805919404
7.11060993436198,7.16898389773966,4.598321457083233
7.1109745993730265,7.169889420280824,4.598864853171771
7.111339258869835,7.1707949380082825,4.599408247457807
7.111703912847516,7.171700450917698,4.599951639939474
7.112068561301173,7.172605959004737,4.600495030614891
7.112433204225905,7.173511462265067,4.601038419482157
7.112797841616802,7.17441696069436,4.6015818065393574
7.113162473468948,7.1753224542882945,4.6021251917845545
7.113527099777419,7.17622794304255,4.602668575215795
7.113891720537284,7.17713342695281,4.603211956831107
7.114256335743604,7.178038906014765,4.603755336628497
7.114620945391432,7.178944380224108,4.604298714605955
7.114985549475815,7.179849849576536,4.60484209076145
7.115350147991788,7.180755314067754,4.6053854650929305
7.115714740934382,7.1816607736934674,4.605928837598326
7.116079328298617,7.182566228449392,4.606472208275545
7.1164439100795045,7.183471678331247,4.607015577122476
7.116808486272051,7.184377123334758,4.607558944136985
7.117173056871253,7.185282563455656,4.608102309316917
7.117537621872099,7.1861879986896815,4.6086456726600975
7.117902181269572,7.18709342903258,4.60918903416433
7.118266735058646,7.187998854480106,4.609732393827396
7.118631283234291,7.1889042750280225,4.610275751647056
7.118995825791469,7.189809690672102,4.610819107621051
7.11936036272514,7.190715101408125,4.611362461747099
7.119724894030258,7.191620507231886,4.611905814022899
7.120089419701777,7.192525908139187,4.61244916444613
7.120453939734647,7.193431304125844,4.612992513014453
7.120818454123822,7.194336695187687,4.61353585972551
7.121182962864258,7.195242081320558,4.614079204576925
7.121547465950916,7.196147462520316,4.61462254756631
7.121911963378765,7.197052838782836,4.61516588869126
7.122276455142787,7.197958210104012,4.615709227949362
7.122640941237979,7.198863576479757,4.6162525653381925
7.123005421659358,7.199768937906002,4.616795900855324
7.123369896401968,7.2006742943787065,4.617339234498329
7.123734365460883,7.201579645893849,4.617882566264781
7.124098828831214,7.202484992447438,4.618425896152265
7.124463286508123,7.203390334035509,4.6189692241583815
7.124827738486824,7.204295670654128,4.6195125502807555
7.125192184762598,7.205201002299393,4.6200558745170435
7.125556625330803,7.206106328967438,4.620599196864944
7.125921060186887,7.207011650654435,4.621142517322213
7.1262854893264045,7.207916967356591,4.621685835886674
7.126649912745028,7.2088222790701595,4.622229152556231
7.127014330438567,7.209727585791431,4.622772467328891
7.1273787424029855,7.210632887516744,4.623315780202776
7.127743148634419,7.211538184242479,4.623859091176147
