[ 0.          0.64123655  1.25561938  1.81741935  2.30310936  2.6923497
  2.96883973  3.12100059  3.1424601   3.03231957  2.79519146  2.44100624
  1.98459648  1.44507574  0.84503806  0.20961186 -0.43459248 -1.06059694
 -1.64218569 -2.15500293 -2.5775729  -2.89219919 -3.08570587 -3.14998926
 -3.08235731 -2.8856423  -2.56808228 -2.14297602 -1.62812615 -1.04509356
 -0.41829451  0.22602189  0.86087293  1.45967232  1.9973435   2.45136987
  2.80273769  3.03673238  3.1435547   3.11873114  2.96330125  2.68377415
  2.29185587  1.80395917  1.24051622  0.62512289 -0.01644935 -0.65733273
 -1.2706883  -1.83082996 -2.31430006 -2.70085183 -2.97429724 -3.12318494
 -3.14127981 -3.02782406 -2.787569   -2.43057605 -1.97179535 -1.43043975
 -0.82918014 -0.19319611  0.4508786   1.0760714   1.65620045  2.16697108
  2.58699323  2.8986772   3.08897028  3.14990336  3.0789247   2.87900672
  2.55852162  2.13089067  1.61402221  1.02956168  0.40198514 -0.24242575
 -0.87668433 -1.4742291  -2.01003605 -2.46166665 -2.8102075  -3.04106239
 -3.14456358 -3.11637663 -2.95768197 -2.67512541 -2.28053987 -1.79044981
 -1.22537923 -0.60899219  0.03289825  0.67341097  1.28572257  1.84419064
  2.32542764  2.7092803   2.97967364  3.12528412  2.25      ]
