0.000000000000000000e+00
2.112728780768074327e-02
4.225593020052727938e-02
6.338728042735135293e-02
8.452268906557351691e-02
1.056635026888190221e-01
1.268110625384590850e-01
1.479667032004076677e-01
1.691317512884777108e-01
1.903075241355933755e-01
2.114953284941501754e-01
2.326964592468025173e-01
2.539121981289494401e-01
2.751438124641788496e-01
2.963925539139153353e-01
3.176596572425066656e-01
3.389463390989622127e-01
3.602537968165481774e-01
3.815832072314224721e-01
4.029357255214723876e-01
4.243124840665012387e-01
4.457145913308884211e-01
4.671431307698239443e-01
4.885991597601974101e-01
5.100837085571934271e-01
5.315977792776271915e-01
5.531423449110183244e-01
5.747183483593820696e-01
5.963267015066849863e-01
6.179682843188823993e-01
6.396439439754260103e-01
6.613544940331006483e-01
6.831007136230143884e-01
7.048833466815337401e-01
7.267031012159276271e-01
7.485606486054414699e-01
7.704566229384927079e-01
7.923916203866455676e-01
8.143661986159810295e-01
8.363808762364435268e-01
8.584361322897127167e-01
8.805324057761031442e-01
9.026700952209619766e-01
9.248495582809933557e-01
9.470711113909000556e-01
9.693350294506924980e-01
9.916415455539757673e-01
1.013990850757482631e+00
1.036383093892082607e+00
1.058818381415459031e+00
1.081296777306594459e+00
1.103818303002173984e+00
1.126382937374973636e+00
1.148990616754251626e+00
1.171641234988126667e+00
1.194334643547886765e+00
1.217070651674120096e+00
1.239849026564530776e+00
1.262669493603259196e+00
1.285531736631470245e+00
1.308435398258956939e+00
1.331380080216449935e+00
1.354365343748277217e+00
1.377390710045003575e+00
1.400455660715613782e+00
1.423559638298780294e+00
1.446702046812703424e+00
1.469882252342994411e+00
1.493099583668013430e+00
1.516353332921054342e+00
1.539642756288713832e+00
1.562967074744761486e+00
1.586325474818791159e+00
1.609717109398892010e+00
1.633141098567543192e+00
1.656596530469915729e+00
1.680082462213719152e+00
1.703597920799708287e+00
1.727141904081930690e+00
1.750713381756767939e+00
1.774311296379790237e+00
1.797934564409427560e+00
1.821582077276422407e+00
1.845252702478009210e+00
1.868945284695738396e+00
1.892658646935846178e+00
1.916391591691036789e+00
1.940142902122536261e+00
1.963911343261246056e+00
1.987695663226810128e+00
2.011494594463395735e+00
2.035306854990960534e+00
2.059131149670774708e+00
2.082966171483945139e+00
2.106810602821678646e+00
2.130663116786013500e+00
2.154522378499725388e+00
2.178387046424120399e+00
2.202255773683418294e+00
2.226127209394395123e+00
2.250000000000000000e+00
